uniqueid,bank_account
uniqueid_6056 x Kenya,1
uniqueid_6060 x Kenya,1
uniqueid_6065 x Kenya,0
uniqueid_6072 x Kenya,0
uniqueid_6073 x Kenya,0
uniqueid_6074 x Kenya,0
uniqueid_6075 x Kenya,0
uniqueid_6076 x Kenya,0
uniqueid_6077 x Kenya,0
uniqueid_6078 x Kenya,0
uniqueid_6079 x Kenya,0
uniqueid_6080 x Kenya,0
uniqueid_6081 x Kenya,0
uniqueid_6082 x Kenya,0
uniqueid_6083 x Kenya,0
uniqueid_6084 x Kenya,0
uniqueid_6085 x Kenya,1
uniqueid_6086 x Kenya,0
uniqueid_6087 x Kenya,0
uniqueid_6088 x Kenya,0
uniqueid_6089 x Kenya,0
uniqueid_6090 x Kenya,0
uniqueid_6091 x Kenya,0
uniqueid_6092 x Kenya,0
uniqueid_6093 x Kenya,0
uniqueid_6094 x Kenya,0
uniqueid_6095 x Kenya,0
uniqueid_6096 x Kenya,0
uniqueid_6097 x Kenya,0
uniqueid_6098 x Kenya,0
uniqueid_6099 x Kenya,0
uniqueid_6100 x Kenya,0
uniqueid_6101 x Kenya,0
uniqueid_6102 x Kenya,0
uniqueid_6103 x Kenya,0
uniqueid_6104 x Kenya,0
uniqueid_6105 x Kenya,0
uniqueid_6106 x Kenya,0
uniqueid_6107 x Kenya,0
uniqueid_6108 x Kenya,0
uniqueid_6109 x Kenya,0
uniqueid_6110 x Kenya,1
uniqueid_6111 x Kenya,0
uniqueid_6112 x Kenya,0
uniqueid_6113 x Kenya,0
uniqueid_6114 x Kenya,0
uniqueid_6115 x Kenya,1
uniqueid_6116 x Kenya,1
uniqueid_6117 x Kenya,0
uniqueid_6118 x Kenya,0
uniqueid_6119 x Kenya,0
uniqueid_6120 x Kenya,0
uniqueid_6121 x Kenya,1
uniqueid_6122 x Kenya,0
uniqueid_6123 x Kenya,0
uniqueid_6124 x Kenya,0
uniqueid_6125 x Kenya,0
uniqueid_6126 x Kenya,0
uniqueid_6127 x Kenya,0
uniqueid_6128 x Kenya,0
uniqueid_6129 x Kenya,0
uniqueid_6130 x Kenya,0
uniqueid_6131 x Kenya,0
uniqueid_6132 x Kenya,0
uniqueid_6133 x Kenya,0
uniqueid_6134 x Kenya,0
uniqueid_6135 x Kenya,0
uniqueid_6136 x Kenya,0
uniqueid_6137 x Kenya,0
uniqueid_6138 x Kenya,0
uniqueid_6139 x Kenya,0
uniqueid_6140 x Kenya,0
uniqueid_6141 x Kenya,0
uniqueid_6142 x Kenya,0
uniqueid_6143 x Kenya,0
uniqueid_6144 x Kenya,0
uniqueid_6145 x Kenya,0
uniqueid_6146 x Kenya,0
uniqueid_6147 x Kenya,0
uniqueid_6148 x Kenya,0
uniqueid_6149 x Kenya,0
uniqueid_6150 x Kenya,0
uniqueid_6151 x Kenya,0
uniqueid_6152 x Kenya,0
uniqueid_6153 x Kenya,0
uniqueid_6154 x Kenya,1
uniqueid_6155 x Kenya,0
uniqueid_6156 x Kenya,0
uniqueid_6157 x Kenya,0
uniqueid_6158 x Kenya,0
uniqueid_6159 x Kenya,0
uniqueid_6160 x Kenya,0
uniqueid_6161 x Kenya,0
uniqueid_6162 x Kenya,0
uniqueid_6163 x Kenya,0
uniqueid_6164 x Kenya,0
uniqueid_6165 x Kenya,1
uniqueid_6166 x Kenya,0
uniqueid_6167 x Kenya,0
uniqueid_6168 x Kenya,1
uniqueid_6169 x Kenya,0
uniqueid_6170 x Kenya,0
uniqueid_6171 x Kenya,0
uniqueid_6172 x Kenya,0
uniqueid_6173 x Kenya,0
uniqueid_6174 x Kenya,0
uniqueid_6175 x Kenya,0
uniqueid_6176 x Kenya,0
uniqueid_6177 x Kenya,0
uniqueid_6178 x Kenya,0
uniqueid_6179 x Kenya,0
uniqueid_6180 x Kenya,0
uniqueid_6181 x Kenya,0
uniqueid_6182 x Kenya,0
uniqueid_6183 x Kenya,0
uniqueid_6184 x Kenya,1
uniqueid_6185 x Kenya,0
uniqueid_6186 x Kenya,0
uniqueid_6187 x Kenya,0
uniqueid_6188 x Kenya,0
uniqueid_6189 x Kenya,0
uniqueid_6190 x Kenya,0
uniqueid_6191 x Kenya,0
uniqueid_6192 x Kenya,0
uniqueid_6193 x Kenya,0
uniqueid_6194 x Kenya,1
uniqueid_6195 x Kenya,0
uniqueid_6196 x Kenya,0
uniqueid_6197 x Kenya,0
uniqueid_6198 x Kenya,1
uniqueid_6199 x Kenya,0
uniqueid_6200 x Kenya,0
uniqueid_6201 x Kenya,1
uniqueid_6202 x Kenya,0
uniqueid_6203 x Kenya,0
uniqueid_6204 x Kenya,0
uniqueid_6205 x Kenya,0
uniqueid_6206 x Kenya,0
uniqueid_6207 x Kenya,0
uniqueid_6208 x Kenya,0
uniqueid_6209 x Kenya,0
uniqueid_6210 x Kenya,0
uniqueid_6211 x Kenya,0
uniqueid_6212 x Kenya,0
uniqueid_6213 x Kenya,0
uniqueid_6214 x Kenya,0
uniqueid_6215 x Kenya,0
uniqueid_6216 x Kenya,0
uniqueid_6217 x Kenya,0
uniqueid_6218 x Kenya,1
uniqueid_6219 x Kenya,0
uniqueid_6220 x Kenya,0
uniqueid_6221 x Kenya,0
uniqueid_6222 x Kenya,0
uniqueid_6223 x Kenya,0
uniqueid_6224 x Kenya,1
uniqueid_6225 x Kenya,0
uniqueid_6226 x Kenya,0
uniqueid_6227 x Kenya,0
uniqueid_6228 x Kenya,0
uniqueid_6229 x Kenya,0
uniqueid_6230 x Kenya,0
uniqueid_6231 x Kenya,0
uniqueid_6232 x Kenya,0
uniqueid_6233 x Kenya,0
uniqueid_6234 x Kenya,1
uniqueid_6235 x Kenya,0
uniqueid_6236 x Kenya,1
uniqueid_6237 x Kenya,0
uniqueid_6238 x Kenya,0
uniqueid_6239 x Kenya,0
uniqueid_6240 x Kenya,1
uniqueid_6241 x Kenya,0
uniqueid_6242 x Kenya,1
uniqueid_6243 x Kenya,0
uniqueid_6244 x Kenya,0
uniqueid_6245 x Kenya,0
uniqueid_6246 x Kenya,0
uniqueid_6247 x Kenya,0
uniqueid_6248 x Kenya,0
uniqueid_6249 x Kenya,0
uniqueid_6250 x Kenya,0
uniqueid_6251 x Kenya,1
uniqueid_6252 x Kenya,0
uniqueid_6253 x Kenya,0
uniqueid_6254 x Kenya,0
uniqueid_6255 x Kenya,0
uniqueid_6256 x Kenya,1
uniqueid_6257 x Kenya,0
uniqueid_6258 x Kenya,0
uniqueid_6259 x Kenya,0
uniqueid_6260 x Kenya,0
uniqueid_6261 x Kenya,0
uniqueid_6262 x Kenya,0
uniqueid_6263 x Kenya,0
uniqueid_6264 x Kenya,0
uniqueid_6265 x Kenya,0
uniqueid_6266 x Kenya,0
uniqueid_6267 x Kenya,1
uniqueid_6268 x Kenya,0
uniqueid_6269 x Kenya,0
uniqueid_6270 x Kenya,0
uniqueid_6271 x Kenya,0
uniqueid_6272 x Kenya,0
uniqueid_6273 x Kenya,0
uniqueid_6274 x Kenya,0
uniqueid_6275 x Kenya,0
uniqueid_6276 x Kenya,0
uniqueid_6277 x Kenya,0
uniqueid_6278 x Kenya,0
uniqueid_6279 x Kenya,0
uniqueid_6280 x Kenya,0
uniqueid_6281 x Kenya,0
uniqueid_6282 x Kenya,0
uniqueid_6283 x Kenya,0
uniqueid_6284 x Kenya,0
uniqueid_6285 x Kenya,0
uniqueid_6286 x Kenya,0
uniqueid_6287 x Kenya,0
uniqueid_6288 x Kenya,0
uniqueid_6289 x Kenya,0
uniqueid_6290 x Kenya,0
uniqueid_6291 x Kenya,0
uniqueid_6292 x Kenya,0
uniqueid_6293 x Kenya,0
uniqueid_6294 x Kenya,0
uniqueid_6295 x Kenya,1
uniqueid_6296 x Kenya,0
uniqueid_6297 x Kenya,0
uniqueid_6298 x Kenya,1
uniqueid_6299 x Kenya,0
uniqueid_6300 x Kenya,0
uniqueid_6301 x Kenya,0
uniqueid_6302 x Kenya,0
uniqueid_6303 x Kenya,0
uniqueid_6304 x Kenya,0
uniqueid_6305 x Kenya,0
uniqueid_6306 x Kenya,1
uniqueid_6307 x Kenya,0
uniqueid_6308 x Kenya,0
uniqueid_6309 x Kenya,0
uniqueid_6310 x Kenya,0
uniqueid_6311 x Kenya,0
uniqueid_6312 x Kenya,0
uniqueid_6313 x Kenya,0
uniqueid_6314 x Kenya,0
uniqueid_6315 x Kenya,0
uniqueid_6316 x Kenya,1
uniqueid_6317 x Kenya,1
uniqueid_6318 x Kenya,0
uniqueid_6319 x Kenya,1
uniqueid_6320 x Kenya,0
uniqueid_6321 x Kenya,0
uniqueid_6322 x Kenya,0
uniqueid_6323 x Kenya,0
uniqueid_6324 x Kenya,0
uniqueid_6325 x Kenya,0
uniqueid_6326 x Kenya,1
uniqueid_6327 x Kenya,1
uniqueid_6328 x Kenya,1
uniqueid_6329 x Kenya,0
uniqueid_6330 x Kenya,0
uniqueid_6331 x Kenya,0
uniqueid_6332 x Kenya,0
uniqueid_6333 x Kenya,0
uniqueid_6334 x Kenya,0
uniqueid_6335 x Kenya,0
uniqueid_6336 x Kenya,0
uniqueid_6337 x Kenya,0
uniqueid_6338 x Kenya,0
uniqueid_6339 x Kenya,1
uniqueid_6340 x Kenya,0
uniqueid_6341 x Kenya,1
uniqueid_6342 x Kenya,0
uniqueid_6343 x Kenya,0
uniqueid_6344 x Kenya,0
uniqueid_6345 x Kenya,0
uniqueid_6346 x Kenya,0
uniqueid_6347 x Kenya,0
uniqueid_6348 x Kenya,0
uniqueid_6349 x Kenya,1
uniqueid_6350 x Kenya,0
uniqueid_6351 x Kenya,0
uniqueid_6352 x Kenya,0
uniqueid_6353 x Kenya,0
uniqueid_6354 x Kenya,0
uniqueid_6355 x Kenya,0
uniqueid_6356 x Kenya,0
uniqueid_6357 x Kenya,0
uniqueid_6358 x Kenya,1
uniqueid_6359 x Kenya,1
uniqueid_6360 x Kenya,0
uniqueid_6361 x Kenya,0
uniqueid_6362 x Kenya,0
uniqueid_6363 x Kenya,0
uniqueid_6364 x Kenya,0
uniqueid_6365 x Kenya,0
uniqueid_6366 x Kenya,0
uniqueid_6367 x Kenya,0
uniqueid_6368 x Kenya,0
uniqueid_6369 x Kenya,0
uniqueid_6370 x Kenya,0
uniqueid_6371 x Kenya,0
uniqueid_6372 x Kenya,0
uniqueid_6373 x Kenya,0
uniqueid_6374 x Kenya,1
uniqueid_6375 x Kenya,0
uniqueid_6376 x Kenya,0
uniqueid_6377 x Kenya,0
uniqueid_6378 x Kenya,1
uniqueid_6379 x Kenya,0
uniqueid_6380 x Kenya,0
uniqueid_6381 x Kenya,1
uniqueid_6382 x Kenya,0
uniqueid_6383 x Kenya,0
uniqueid_6384 x Kenya,0
uniqueid_6385 x Kenya,1
uniqueid_6386 x Kenya,0
uniqueid_6387 x Kenya,0
uniqueid_6388 x Kenya,0
uniqueid_6389 x Kenya,0
uniqueid_6390 x Kenya,1
uniqueid_6391 x Kenya,0
uniqueid_6392 x Kenya,1
uniqueid_6393 x Kenya,0
uniqueid_6394 x Kenya,0
uniqueid_6395 x Kenya,0
uniqueid_6396 x Kenya,0
uniqueid_6397 x Kenya,0
uniqueid_6398 x Kenya,0
uniqueid_6399 x Kenya,0
uniqueid_6400 x Kenya,0
uniqueid_6401 x Kenya,0
uniqueid_6402 x Kenya,0
uniqueid_6403 x Kenya,0
uniqueid_6404 x Kenya,0
uniqueid_6405 x Kenya,1
uniqueid_6406 x Kenya,0
uniqueid_6407 x Kenya,0
uniqueid_6408 x Kenya,0
uniqueid_6409 x Kenya,0
uniqueid_6410 x Kenya,1
uniqueid_6411 x Kenya,0
uniqueid_6412 x Kenya,0
uniqueid_6413 x Kenya,0
uniqueid_6414 x Kenya,0
uniqueid_6415 x Kenya,1
uniqueid_6416 x Kenya,0
uniqueid_6417 x Kenya,0
uniqueid_6418 x Kenya,0
uniqueid_6419 x Kenya,0
uniqueid_6420 x Kenya,0
uniqueid_6421 x Kenya,0
uniqueid_6422 x Kenya,0
uniqueid_6423 x Kenya,0
uniqueid_6424 x Kenya,0
uniqueid_6425 x Kenya,0
uniqueid_6426 x Kenya,0
uniqueid_6427 x Kenya,0
uniqueid_6428 x Kenya,0
uniqueid_6429 x Kenya,0
uniqueid_6430 x Kenya,0
uniqueid_6431 x Kenya,0
uniqueid_6432 x Kenya,0
uniqueid_6433 x Kenya,0
uniqueid_6434 x Kenya,0
uniqueid_6435 x Kenya,0
uniqueid_6436 x Kenya,0
uniqueid_6437 x Kenya,0
uniqueid_6438 x Kenya,0
uniqueid_6439 x Kenya,0
uniqueid_6440 x Kenya,0
uniqueid_6441 x Kenya,0
uniqueid_6442 x Kenya,0
uniqueid_6443 x Kenya,0
uniqueid_6444 x Kenya,0
uniqueid_6445 x Kenya,0
uniqueid_6446 x Kenya,0
uniqueid_6447 x Kenya,0
uniqueid_6448 x Kenya,0
uniqueid_6449 x Kenya,0
uniqueid_6450 x Kenya,0
uniqueid_6451 x Kenya,0
uniqueid_6452 x Kenya,0
uniqueid_6453 x Kenya,0
uniqueid_6454 x Kenya,0
uniqueid_6455 x Kenya,0
uniqueid_6456 x Kenya,0
uniqueid_6457 x Kenya,0
uniqueid_6458 x Kenya,0
uniqueid_6459 x Kenya,0
uniqueid_6460 x Kenya,0
uniqueid_6461 x Kenya,0
uniqueid_6462 x Kenya,0
uniqueid_6463 x Kenya,0
uniqueid_6464 x Kenya,0
uniqueid_6465 x Kenya,0
uniqueid_6466 x Kenya,0
uniqueid_6467 x Kenya,0
uniqueid_6468 x Kenya,0
uniqueid_6469 x Kenya,0
uniqueid_6470 x Kenya,0
uniqueid_6471 x Kenya,0
uniqueid_6472 x Kenya,0
uniqueid_6473 x Kenya,0
uniqueid_6474 x Kenya,0
uniqueid_6475 x Kenya,0
uniqueid_6476 x Kenya,0
uniqueid_6477 x Kenya,0
uniqueid_6478 x Kenya,0
uniqueid_6479 x Kenya,0
uniqueid_6480 x Kenya,0
uniqueid_6481 x Kenya,0
uniqueid_6482 x Kenya,0
uniqueid_6483 x Kenya,0
uniqueid_6484 x Kenya,0
uniqueid_6485 x Kenya,0
uniqueid_6486 x Kenya,0
uniqueid_6487 x Kenya,1
uniqueid_6488 x Kenya,0
uniqueid_6489 x Kenya,0
uniqueid_6490 x Kenya,0
uniqueid_6491 x Kenya,0
uniqueid_6492 x Kenya,0
uniqueid_6493 x Kenya,1
uniqueid_6494 x Kenya,0
uniqueid_6495 x Kenya,0
uniqueid_6496 x Kenya,0
uniqueid_6497 x Kenya,0
uniqueid_6498 x Kenya,0
uniqueid_6499 x Kenya,0
uniqueid_6500 x Kenya,0
uniqueid_6501 x Kenya,0
uniqueid_6502 x Kenya,0
uniqueid_6503 x Kenya,0
uniqueid_6504 x Kenya,1
uniqueid_6505 x Kenya,1
uniqueid_6506 x Kenya,0
uniqueid_6507 x Kenya,1
uniqueid_6508 x Kenya,0
uniqueid_6509 x Kenya,0
uniqueid_6510 x Kenya,1
uniqueid_6511 x Kenya,1
uniqueid_6512 x Kenya,0
uniqueid_6513 x Kenya,0
uniqueid_6514 x Kenya,1
uniqueid_6515 x Kenya,0
uniqueid_6516 x Kenya,1
uniqueid_6517 x Kenya,0
uniqueid_6518 x Kenya,0
uniqueid_6519 x Kenya,0
uniqueid_6520 x Kenya,0
uniqueid_6521 x Kenya,0
uniqueid_6522 x Kenya,0
uniqueid_6523 x Kenya,0
uniqueid_6524 x Kenya,1
uniqueid_6525 x Kenya,0
uniqueid_6526 x Kenya,0
uniqueid_6527 x Kenya,0
uniqueid_6528 x Kenya,0
uniqueid_6529 x Kenya,0
uniqueid_6530 x Kenya,0
uniqueid_6531 x Kenya,0
uniqueid_6532 x Kenya,0
uniqueid_6533 x Kenya,0
uniqueid_6534 x Kenya,0
uniqueid_6535 x Kenya,0
uniqueid_6536 x Kenya,0
uniqueid_6537 x Kenya,0
uniqueid_6538 x Kenya,0
uniqueid_6539 x Kenya,0
uniqueid_6540 x Kenya,0
uniqueid_6541 x Kenya,0
uniqueid_6542 x Kenya,1
uniqueid_6543 x Kenya,0
uniqueid_6544 x Kenya,1
uniqueid_6545 x Kenya,0
uniqueid_6546 x Kenya,1
uniqueid_6547 x Kenya,0
uniqueid_6548 x Kenya,0
uniqueid_6549 x Kenya,0
uniqueid_6550 x Kenya,0
uniqueid_6551 x Kenya,0
uniqueid_6552 x Kenya,0
uniqueid_6553 x Kenya,0
uniqueid_6554 x Kenya,0
uniqueid_6555 x Kenya,0
uniqueid_6556 x Kenya,0
uniqueid_6557 x Kenya,0
uniqueid_6558 x Kenya,0
uniqueid_6559 x Kenya,0
uniqueid_6560 x Kenya,1
uniqueid_6561 x Kenya,0
uniqueid_6562 x Kenya,0
uniqueid_6563 x Kenya,0
uniqueid_6564 x Kenya,1
uniqueid_6565 x Kenya,0
uniqueid_6566 x Kenya,0
uniqueid_6567 x Kenya,0
uniqueid_6568 x Kenya,0
uniqueid_6569 x Kenya,0
uniqueid_6570 x Kenya,0
uniqueid_6571 x Kenya,0
uniqueid_6572 x Kenya,0
uniqueid_6573 x Kenya,0
uniqueid_6574 x Kenya,0
uniqueid_6575 x Kenya,0
uniqueid_6576 x Kenya,0
uniqueid_6577 x Kenya,0
uniqueid_6578 x Kenya,0
uniqueid_6579 x Kenya,0
uniqueid_6580 x Kenya,0
uniqueid_6581 x Kenya,1
uniqueid_6582 x Kenya,0
uniqueid_6583 x Kenya,0
uniqueid_6584 x Kenya,1
uniqueid_6585 x Kenya,0
uniqueid_6586 x Kenya,0
uniqueid_6587 x Kenya,0
uniqueid_6588 x Kenya,0
uniqueid_6589 x Kenya,1
uniqueid_6590 x Kenya,0
uniqueid_6591 x Kenya,0
uniqueid_6592 x Kenya,0
uniqueid_6593 x Kenya,1
uniqueid_6594 x Kenya,0
uniqueid_6595 x Kenya,1
uniqueid_6596 x Kenya,0
uniqueid_6597 x Kenya,0
uniqueid_6598 x Kenya,0
uniqueid_6599 x Kenya,0
uniqueid_6600 x Kenya,0
uniqueid_6601 x Kenya,0
uniqueid_6602 x Kenya,0
uniqueid_6603 x Kenya,0
uniqueid_6604 x Kenya,0
uniqueid_6605 x Kenya,0
uniqueid_6606 x Kenya,0
uniqueid_6607 x Kenya,0
uniqueid_6608 x Kenya,0
uniqueid_6609 x Kenya,0
uniqueid_6610 x Kenya,0
uniqueid_6611 x Kenya,0
uniqueid_6612 x Kenya,1
uniqueid_6613 x Kenya,0
uniqueid_6614 x Kenya,0
uniqueid_6615 x Kenya,0
uniqueid_6616 x Kenya,0
uniqueid_6617 x Kenya,0
uniqueid_6618 x Kenya,0
uniqueid_6619 x Kenya,0
uniqueid_6620 x Kenya,0
uniqueid_6621 x Kenya,0
uniqueid_6622 x Kenya,0
uniqueid_6623 x Kenya,0
uniqueid_6624 x Kenya,0
uniqueid_6625 x Kenya,0
uniqueid_6626 x Kenya,0
uniqueid_6627 x Kenya,1
uniqueid_6628 x Kenya,1
uniqueid_6629 x Kenya,0
uniqueid_6630 x Kenya,0
uniqueid_6631 x Kenya,0
uniqueid_6632 x Kenya,1
uniqueid_6633 x Kenya,1
uniqueid_6634 x Kenya,0
uniqueid_6635 x Kenya,0
uniqueid_6636 x Kenya,0
uniqueid_6637 x Kenya,0
uniqueid_6638 x Kenya,0
uniqueid_6639 x Kenya,0
uniqueid_6640 x Kenya,0
uniqueid_6641 x Kenya,1
uniqueid_6642 x Kenya,0
uniqueid_6643 x Kenya,0
uniqueid_6644 x Kenya,1
uniqueid_6645 x Kenya,0
uniqueid_6646 x Kenya,0
uniqueid_6647 x Kenya,0
uniqueid_6648 x Kenya,0
uniqueid_6649 x Kenya,0
uniqueid_6650 x Kenya,0
uniqueid_6651 x Kenya,0
uniqueid_6652 x Kenya,0
uniqueid_6653 x Kenya,0
uniqueid_6654 x Kenya,0
uniqueid_6655 x Kenya,0
uniqueid_6656 x Kenya,0
uniqueid_6657 x Kenya,0
uniqueid_6658 x Kenya,0
uniqueid_6659 x Kenya,0
uniqueid_6660 x Kenya,0
uniqueid_6661 x Kenya,0
uniqueid_6662 x Kenya,0
uniqueid_6663 x Kenya,0
uniqueid_6664 x Kenya,1
uniqueid_6665 x Kenya,0
uniqueid_6666 x Kenya,0
uniqueid_6667 x Kenya,0
uniqueid_6668 x Kenya,0
uniqueid_6669 x Kenya,1
uniqueid_6670 x Kenya,0
uniqueid_6671 x Kenya,0
uniqueid_6672 x Kenya,0
uniqueid_6673 x Kenya,1
uniqueid_6674 x Kenya,0
uniqueid_6675 x Kenya,0
uniqueid_6676 x Kenya,1
uniqueid_6677 x Kenya,0
uniqueid_6678 x Kenya,0
uniqueid_6679 x Kenya,0
uniqueid_6680 x Kenya,0
uniqueid_6681 x Kenya,0
uniqueid_6682 x Kenya,0
uniqueid_6683 x Kenya,0
uniqueid_6684 x Kenya,0
uniqueid_6685 x Kenya,0
uniqueid_6686 x Kenya,0
uniqueid_6687 x Kenya,0
uniqueid_6688 x Kenya,0
uniqueid_6689 x Kenya,0
uniqueid_6690 x Kenya,0
uniqueid_6691 x Kenya,0
uniqueid_6692 x Kenya,0
uniqueid_6693 x Kenya,1
uniqueid_6694 x Kenya,1
uniqueid_6695 x Kenya,0
uniqueid_6696 x Kenya,0
uniqueid_6697 x Kenya,0
uniqueid_6698 x Kenya,0
uniqueid_6699 x Kenya,0
uniqueid_6700 x Kenya,0
uniqueid_6701 x Kenya,0
uniqueid_6702 x Kenya,0
uniqueid_6703 x Kenya,0
uniqueid_6704 x Kenya,0
uniqueid_6705 x Kenya,0
uniqueid_6706 x Kenya,1
uniqueid_6707 x Kenya,0
uniqueid_6708 x Kenya,0
uniqueid_6709 x Kenya,0
uniqueid_6710 x Kenya,0
uniqueid_6711 x Kenya,0
uniqueid_6712 x Kenya,0
uniqueid_6713 x Kenya,0
uniqueid_6714 x Kenya,0
uniqueid_6715 x Kenya,1
uniqueid_6716 x Kenya,0
uniqueid_6717 x Kenya,0
uniqueid_6718 x Kenya,0
uniqueid_6719 x Kenya,0
uniqueid_6720 x Kenya,0
uniqueid_6721 x Kenya,0
uniqueid_6722 x Kenya,0
uniqueid_6723 x Kenya,0
uniqueid_6724 x Kenya,1
uniqueid_6725 x Kenya,0
uniqueid_6726 x Kenya,0
uniqueid_6727 x Kenya,1
uniqueid_6728 x Kenya,0
uniqueid_6729 x Kenya,1
uniqueid_6730 x Kenya,0
uniqueid_6731 x Kenya,0
uniqueid_6732 x Kenya,1
uniqueid_6733 x Kenya,0
uniqueid_6734 x Kenya,0
uniqueid_6735 x Kenya,0
uniqueid_6736 x Kenya,0
uniqueid_6737 x Kenya,0
uniqueid_6738 x Kenya,1
uniqueid_6739 x Kenya,0
uniqueid_6740 x Kenya,0
uniqueid_6741 x Kenya,1
uniqueid_6742 x Kenya,0
uniqueid_6743 x Kenya,0
uniqueid_6744 x Kenya,0
uniqueid_6745 x Kenya,0
uniqueid_6746 x Kenya,1
uniqueid_6747 x Kenya,0
uniqueid_6748 x Kenya,1
uniqueid_6749 x Kenya,0
uniqueid_6750 x Kenya,0
uniqueid_6751 x Kenya,0
uniqueid_6752 x Kenya,0
uniqueid_6753 x Kenya,1
uniqueid_6754 x Kenya,1
uniqueid_6755 x Kenya,0
uniqueid_6756 x Kenya,0
uniqueid_6757 x Kenya,1
uniqueid_6758 x Kenya,0
uniqueid_6759 x Kenya,0
uniqueid_6760 x Kenya,0
uniqueid_6761 x Kenya,0
uniqueid_6762 x Kenya,0
uniqueid_6763 x Kenya,0
uniqueid_6764 x Kenya,1
uniqueid_6765 x Kenya,0
uniqueid_6766 x Kenya,1
uniqueid_6767 x Kenya,0
uniqueid_6768 x Kenya,0
uniqueid_6769 x Kenya,0
uniqueid_6770 x Kenya,0
uniqueid_6771 x Kenya,0
uniqueid_6772 x Kenya,0
uniqueid_6773 x Kenya,1
uniqueid_6774 x Kenya,0
uniqueid_6775 x Kenya,0
uniqueid_6776 x Kenya,0
uniqueid_6777 x Kenya,0
uniqueid_6778 x Kenya,1
uniqueid_6779 x Kenya,0
uniqueid_6780 x Kenya,0
uniqueid_6781 x Kenya,0
uniqueid_6782 x Kenya,0
uniqueid_6783 x Kenya,0
uniqueid_6784 x Kenya,0
uniqueid_6785 x Kenya,0
uniqueid_6786 x Kenya,1
uniqueid_6787 x Kenya,0
uniqueid_6788 x Kenya,0
uniqueid_6789 x Kenya,0
uniqueid_6790 x Kenya,1
uniqueid_6791 x Kenya,0
uniqueid_6792 x Kenya,1
uniqueid_6793 x Kenya,0
uniqueid_6794 x Kenya,0
uniqueid_6795 x Kenya,1
uniqueid_6796 x Kenya,0
uniqueid_6797 x Kenya,0
uniqueid_6798 x Kenya,0
uniqueid_6799 x Kenya,0
uniqueid_6800 x Kenya,0
uniqueid_6801 x Kenya,0
uniqueid_6802 x Kenya,0
uniqueid_6803 x Kenya,0
uniqueid_6804 x Kenya,0
uniqueid_6805 x Kenya,0
uniqueid_6806 x Kenya,1
uniqueid_6807 x Kenya,0
uniqueid_6808 x Kenya,0
uniqueid_6809 x Kenya,1
uniqueid_6810 x Kenya,0
uniqueid_6811 x Kenya,0
uniqueid_6812 x Kenya,0
uniqueid_6813 x Kenya,0
uniqueid_6814 x Kenya,0
uniqueid_6815 x Kenya,1
uniqueid_6816 x Kenya,0
uniqueid_6817 x Kenya,0
uniqueid_6818 x Kenya,0
uniqueid_6819 x Kenya,1
uniqueid_6820 x Kenya,0
uniqueid_6821 x Kenya,1
uniqueid_6822 x Kenya,0
uniqueid_6823 x Kenya,1
uniqueid_6824 x Kenya,0
uniqueid_6825 x Kenya,0
uniqueid_6826 x Kenya,0
uniqueid_6827 x Kenya,0
uniqueid_6828 x Kenya,0
uniqueid_6829 x Kenya,0
uniqueid_6830 x Kenya,0
uniqueid_6831 x Kenya,0
uniqueid_6832 x Kenya,0
uniqueid_6833 x Kenya,0
uniqueid_6834 x Kenya,1
uniqueid_6835 x Kenya,0
uniqueid_6836 x Kenya,0
uniqueid_6837 x Kenya,0
uniqueid_6838 x Kenya,0
uniqueid_6839 x Kenya,0
uniqueid_6840 x Kenya,0
uniqueid_6841 x Kenya,0
uniqueid_6842 x Kenya,0
uniqueid_6843 x Kenya,0
uniqueid_6844 x Kenya,0
uniqueid_6845 x Kenya,0
uniqueid_6846 x Kenya,0
uniqueid_6847 x Kenya,0
uniqueid_6848 x Kenya,0
uniqueid_6849 x Kenya,1
uniqueid_6850 x Kenya,0
uniqueid_6851 x Kenya,0
uniqueid_6852 x Kenya,0
uniqueid_6853 x Kenya,0
uniqueid_6854 x Kenya,0
uniqueid_6855 x Kenya,0
uniqueid_6856 x Kenya,0
uniqueid_6857 x Kenya,0
uniqueid_6858 x Kenya,0
uniqueid_6859 x Kenya,0
uniqueid_6860 x Kenya,0
uniqueid_6861 x Kenya,0
uniqueid_6862 x Kenya,0
uniqueid_6863 x Kenya,0
uniqueid_6864 x Kenya,0
uniqueid_6865 x Kenya,0
uniqueid_6866 x Kenya,0
uniqueid_6867 x Kenya,1
uniqueid_6868 x Kenya,0
uniqueid_6869 x Kenya,0
uniqueid_6870 x Kenya,0
uniqueid_6871 x Kenya,1
uniqueid_6872 x Kenya,0
uniqueid_6873 x Kenya,1
uniqueid_6874 x Kenya,0
uniqueid_6875 x Kenya,0
uniqueid_6876 x Kenya,0
uniqueid_6877 x Kenya,0
uniqueid_6878 x Kenya,1
uniqueid_6879 x Kenya,0
uniqueid_6880 x Kenya,0
uniqueid_6881 x Kenya,0
uniqueid_6882 x Kenya,0
uniqueid_6883 x Kenya,1
uniqueid_6884 x Kenya,0
uniqueid_6885 x Kenya,0
uniqueid_6886 x Kenya,0
uniqueid_6887 x Kenya,0
uniqueid_6888 x Kenya,0
uniqueid_6889 x Kenya,0
uniqueid_6890 x Kenya,0
uniqueid_6891 x Kenya,0
uniqueid_6892 x Kenya,1
uniqueid_6893 x Kenya,0
uniqueid_6894 x Kenya,0
uniqueid_6895 x Kenya,0
uniqueid_6896 x Kenya,1
uniqueid_6897 x Kenya,0
uniqueid_6898 x Kenya,0
uniqueid_6899 x Kenya,0
uniqueid_6900 x Kenya,0
uniqueid_6901 x Kenya,0
uniqueid_6902 x Kenya,0
uniqueid_6903 x Kenya,0
uniqueid_6904 x Kenya,0
uniqueid_6905 x Kenya,0
uniqueid_6906 x Kenya,0
uniqueid_6907 x Kenya,1
uniqueid_6908 x Kenya,0
uniqueid_6909 x Kenya,0
uniqueid_6910 x Kenya,0
uniqueid_6911 x Kenya,0
uniqueid_6912 x Kenya,0
uniqueid_6913 x Kenya,0
uniqueid_6914 x Kenya,0
uniqueid_6915 x Kenya,0
uniqueid_6916 x Kenya,0
uniqueid_6917 x Kenya,0
uniqueid_6918 x Kenya,0
uniqueid_6919 x Kenya,0
uniqueid_6920 x Kenya,0
uniqueid_6921 x Kenya,0
uniqueid_6922 x Kenya,1
uniqueid_6923 x Kenya,0
uniqueid_6924 x Kenya,0
uniqueid_6925 x Kenya,0
uniqueid_6926 x Kenya,0
uniqueid_6927 x Kenya,1
uniqueid_6928 x Kenya,0
uniqueid_6929 x Kenya,0
uniqueid_6930 x Kenya,0
uniqueid_6931 x Kenya,1
uniqueid_6932 x Kenya,0
uniqueid_6933 x Kenya,1
uniqueid_6934 x Kenya,0
uniqueid_6935 x Kenya,0
uniqueid_6936 x Kenya,0
uniqueid_6937 x Kenya,0
uniqueid_6938 x Kenya,0
uniqueid_6939 x Kenya,0
uniqueid_6940 x Kenya,0
uniqueid_6941 x Kenya,0
uniqueid_6942 x Kenya,0
uniqueid_6943 x Kenya,1
uniqueid_6944 x Kenya,0
uniqueid_6945 x Kenya,0
uniqueid_6946 x Kenya,0
uniqueid_6947 x Kenya,0
uniqueid_6948 x Kenya,1
uniqueid_6949 x Kenya,0
uniqueid_6950 x Kenya,0
uniqueid_6951 x Kenya,0
uniqueid_6952 x Kenya,0
uniqueid_6953 x Kenya,0
uniqueid_6954 x Kenya,0
uniqueid_6955 x Kenya,0
uniqueid_6956 x Kenya,0
uniqueid_6957 x Kenya,0
uniqueid_6958 x Kenya,0
uniqueid_6959 x Kenya,0
uniqueid_6960 x Kenya,0
uniqueid_6961 x Kenya,1
uniqueid_6962 x Kenya,1
uniqueid_6963 x Kenya,1
uniqueid_6964 x Kenya,0
uniqueid_6965 x Kenya,0
uniqueid_6966 x Kenya,0
uniqueid_6967 x Kenya,0
uniqueid_6968 x Kenya,0
uniqueid_6969 x Kenya,0
uniqueid_6970 x Kenya,0
uniqueid_6971 x Kenya,0
uniqueid_6972 x Kenya,0
uniqueid_6973 x Kenya,0
uniqueid_6974 x Kenya,0
uniqueid_6975 x Kenya,0
uniqueid_6976 x Kenya,0
uniqueid_6977 x Kenya,0
uniqueid_6978 x Kenya,0
uniqueid_6979 x Kenya,0
uniqueid_6980 x Kenya,0
uniqueid_6981 x Kenya,0
uniqueid_6982 x Kenya,0
uniqueid_6983 x Kenya,0
uniqueid_6984 x Kenya,0
uniqueid_6985 x Kenya,0
uniqueid_6986 x Kenya,0
uniqueid_6987 x Kenya,0
uniqueid_6988 x Kenya,0
uniqueid_6989 x Kenya,0
uniqueid_6990 x Kenya,0
uniqueid_6991 x Kenya,0
uniqueid_6992 x Kenya,0
uniqueid_6993 x Kenya,0
uniqueid_6994 x Kenya,0
uniqueid_6995 x Kenya,0
uniqueid_6996 x Kenya,0
uniqueid_6997 x Kenya,1
uniqueid_6998 x Kenya,0
uniqueid_6999 x Kenya,0
uniqueid_7000 x Kenya,1
uniqueid_7001 x Kenya,0
uniqueid_7002 x Kenya,0
uniqueid_7003 x Kenya,0
uniqueid_7004 x Kenya,0
uniqueid_7005 x Kenya,0
uniqueid_7006 x Kenya,0
uniqueid_7007 x Kenya,0
uniqueid_7008 x Kenya,0
uniqueid_7009 x Kenya,1
uniqueid_7010 x Kenya,0
uniqueid_7011 x Kenya,0
uniqueid_7012 x Kenya,0
uniqueid_7013 x Kenya,0
uniqueid_7014 x Kenya,1
uniqueid_7015 x Kenya,0
uniqueid_7016 x Kenya,0
uniqueid_7017 x Kenya,0
uniqueid_7018 x Kenya,0
uniqueid_7019 x Kenya,0
uniqueid_7020 x Kenya,0
uniqueid_7021 x Kenya,0
uniqueid_7022 x Kenya,1
uniqueid_7023 x Kenya,0
uniqueid_7024 x Kenya,0
uniqueid_7025 x Kenya,1
uniqueid_7026 x Kenya,0
uniqueid_7027 x Kenya,0
uniqueid_7028 x Kenya,0
uniqueid_7029 x Kenya,0
uniqueid_7030 x Kenya,0
uniqueid_7031 x Kenya,0
uniqueid_7032 x Kenya,0
uniqueid_7033 x Kenya,1
uniqueid_7034 x Kenya,0
uniqueid_7035 x Kenya,0
uniqueid_7036 x Kenya,0
uniqueid_7037 x Kenya,0
uniqueid_7038 x Kenya,0
uniqueid_7039 x Kenya,0
uniqueid_7040 x Kenya,0
uniqueid_7041 x Kenya,1
uniqueid_7042 x Kenya,0
uniqueid_7043 x Kenya,0
uniqueid_7044 x Kenya,0
uniqueid_7045 x Kenya,0
uniqueid_7046 x Kenya,1
uniqueid_7047 x Kenya,0
uniqueid_7048 x Kenya,0
uniqueid_7049 x Kenya,0
uniqueid_7050 x Kenya,0
uniqueid_7051 x Kenya,0
uniqueid_7052 x Kenya,0
uniqueid_7053 x Kenya,0
uniqueid_7054 x Kenya,0
uniqueid_7055 x Kenya,0
uniqueid_7056 x Kenya,0
uniqueid_7057 x Kenya,1
uniqueid_7058 x Kenya,0
uniqueid_7059 x Kenya,0
uniqueid_7060 x Kenya,0
uniqueid_7061 x Kenya,0
uniqueid_7062 x Kenya,0
uniqueid_7063 x Kenya,0
uniqueid_7064 x Kenya,0
uniqueid_7065 x Kenya,0
uniqueid_7066 x Kenya,0
uniqueid_7067 x Kenya,0
uniqueid_7068 x Kenya,0
uniqueid_7069 x Kenya,0
uniqueid_7070 x Kenya,0
uniqueid_7071 x Kenya,0
uniqueid_7072 x Kenya,0
uniqueid_7073 x Kenya,0
uniqueid_7074 x Kenya,1
uniqueid_7075 x Kenya,0
uniqueid_7076 x Kenya,0
uniqueid_7077 x Kenya,1
uniqueid_7078 x Kenya,0
uniqueid_7079 x Kenya,0
uniqueid_7080 x Kenya,0
uniqueid_7081 x Kenya,0
uniqueid_7082 x Kenya,0
uniqueid_7083 x Kenya,0
uniqueid_7084 x Kenya,0
uniqueid_7085 x Kenya,0
uniqueid_7086 x Kenya,1
uniqueid_7087 x Kenya,1
uniqueid_7088 x Kenya,0
uniqueid_7089 x Kenya,0
uniqueid_7090 x Kenya,0
uniqueid_7091 x Kenya,0
uniqueid_7092 x Kenya,0
uniqueid_7093 x Kenya,0
uniqueid_7094 x Kenya,0
uniqueid_7095 x Kenya,0
uniqueid_7096 x Kenya,0
uniqueid_7097 x Kenya,1
uniqueid_7098 x Kenya,0
uniqueid_7099 x Kenya,1
uniqueid_7100 x Kenya,1
uniqueid_7101 x Kenya,0
uniqueid_7102 x Kenya,1
uniqueid_7103 x Kenya,0
uniqueid_7104 x Kenya,1
uniqueid_7105 x Kenya,1
uniqueid_7106 x Kenya,0
uniqueid_7107 x Kenya,0
uniqueid_7108 x Kenya,0
uniqueid_7109 x Kenya,0
uniqueid_7110 x Kenya,0
uniqueid_7111 x Kenya,0
uniqueid_7112 x Kenya,0
uniqueid_7113 x Kenya,0
uniqueid_7114 x Kenya,1
uniqueid_7115 x Kenya,0
uniqueid_7116 x Kenya,0
uniqueid_7117 x Kenya,0
uniqueid_7118 x Kenya,0
uniqueid_7119 x Kenya,0
uniqueid_7120 x Kenya,0
uniqueid_7121 x Kenya,0
uniqueid_7122 x Kenya,0
uniqueid_7123 x Kenya,0
uniqueid_7124 x Kenya,0
uniqueid_7125 x Kenya,0
uniqueid_7126 x Kenya,1
uniqueid_7127 x Kenya,0
uniqueid_7128 x Kenya,1
uniqueid_7129 x Kenya,0
uniqueid_7130 x Kenya,0
uniqueid_7131 x Kenya,0
uniqueid_7132 x Kenya,0
uniqueid_7133 x Kenya,0
uniqueid_7134 x Kenya,0
uniqueid_7135 x Kenya,0
uniqueid_7136 x Kenya,1
uniqueid_7137 x Kenya,0
uniqueid_7138 x Kenya,0
uniqueid_7139 x Kenya,0
uniqueid_7140 x Kenya,0
uniqueid_7141 x Kenya,0
uniqueid_7142 x Kenya,0
uniqueid_7143 x Kenya,0
uniqueid_7144 x Kenya,0
uniqueid_7145 x Kenya,0
uniqueid_7146 x Kenya,0
uniqueid_7147 x Kenya,1
uniqueid_7148 x Kenya,0
uniqueid_7149 x Kenya,0
uniqueid_7150 x Kenya,0
uniqueid_7151 x Kenya,0
uniqueid_7152 x Kenya,0
uniqueid_7153 x Kenya,0
uniqueid_7154 x Kenya,0
uniqueid_7155 x Kenya,0
uniqueid_7156 x Kenya,0
uniqueid_7157 x Kenya,0
uniqueid_7158 x Kenya,1
uniqueid_7159 x Kenya,1
uniqueid_7160 x Kenya,0
uniqueid_7161 x Kenya,1
uniqueid_7162 x Kenya,1
uniqueid_7163 x Kenya,0
uniqueid_7164 x Kenya,0
uniqueid_7165 x Kenya,0
uniqueid_7166 x Kenya,0
uniqueid_7167 x Kenya,0
uniqueid_7168 x Kenya,0
uniqueid_7169 x Kenya,0
uniqueid_7170 x Kenya,0
uniqueid_7171 x Kenya,1
uniqueid_7172 x Kenya,0
uniqueid_7173 x Kenya,0
uniqueid_7174 x Kenya,0
uniqueid_7175 x Kenya,1
uniqueid_7176 x Kenya,0
uniqueid_7177 x Kenya,0
uniqueid_7178 x Kenya,0
uniqueid_7179 x Kenya,0
uniqueid_7180 x Kenya,0
uniqueid_7181 x Kenya,0
uniqueid_7182 x Kenya,0
uniqueid_7183 x Kenya,0
uniqueid_7184 x Kenya,0
uniqueid_7185 x Kenya,0
uniqueid_7186 x Kenya,0
uniqueid_7187 x Kenya,0
uniqueid_7188 x Kenya,0
uniqueid_7189 x Kenya,0
uniqueid_7190 x Kenya,0
uniqueid_7191 x Kenya,0
uniqueid_7192 x Kenya,1
uniqueid_7193 x Kenya,0
uniqueid_7194 x Kenya,0
uniqueid_7195 x Kenya,0
uniqueid_7196 x Kenya,0
uniqueid_7197 x Kenya,0
uniqueid_7198 x Kenya,0
uniqueid_7199 x Kenya,0
uniqueid_7200 x Kenya,1
uniqueid_7201 x Kenya,0
uniqueid_7202 x Kenya,1
uniqueid_7203 x Kenya,0
uniqueid_7204 x Kenya,1
uniqueid_7205 x Kenya,0
uniqueid_7206 x Kenya,0
uniqueid_7207 x Kenya,0
uniqueid_7208 x Kenya,0
uniqueid_7209 x Kenya,0
uniqueid_7210 x Kenya,0
uniqueid_7211 x Kenya,0
uniqueid_7212 x Kenya,0
uniqueid_7213 x Kenya,0
uniqueid_7214 x Kenya,1
uniqueid_7215 x Kenya,0
uniqueid_7216 x Kenya,0
uniqueid_7217 x Kenya,1
uniqueid_7218 x Kenya,0
uniqueid_7219 x Kenya,0
uniqueid_7220 x Kenya,0
uniqueid_7221 x Kenya,1
uniqueid_7222 x Kenya,0
uniqueid_7223 x Kenya,1
uniqueid_7224 x Kenya,0
uniqueid_7225 x Kenya,0
uniqueid_7226 x Kenya,0
uniqueid_7227 x Kenya,1
uniqueid_7228 x Kenya,0
uniqueid_7229 x Kenya,0
uniqueid_7230 x Kenya,0
uniqueid_7231 x Kenya,0
uniqueid_7232 x Kenya,1
uniqueid_7233 x Kenya,0
uniqueid_7234 x Kenya,0
uniqueid_7235 x Kenya,0
uniqueid_7236 x Kenya,0
uniqueid_7237 x Kenya,0
uniqueid_7238 x Kenya,0
uniqueid_7239 x Kenya,0
uniqueid_7240 x Kenya,0
uniqueid_7241 x Kenya,0
uniqueid_7242 x Kenya,0
uniqueid_7243 x Kenya,0
uniqueid_7244 x Kenya,0
uniqueid_7245 x Kenya,0
uniqueid_7246 x Kenya,0
uniqueid_7247 x Kenya,0
uniqueid_7248 x Kenya,0
uniqueid_7249 x Kenya,0
uniqueid_7250 x Kenya,1
uniqueid_7251 x Kenya,1
uniqueid_7252 x Kenya,0
uniqueid_7253 x Kenya,0
uniqueid_7254 x Kenya,0
uniqueid_7255 x Kenya,0
uniqueid_7256 x Kenya,0
uniqueid_7257 x Kenya,0
uniqueid_7258 x Kenya,1
uniqueid_7259 x Kenya,1
uniqueid_7260 x Kenya,0
uniqueid_7261 x Kenya,0
uniqueid_7262 x Kenya,0
uniqueid_7263 x Kenya,0
uniqueid_7264 x Kenya,0
uniqueid_7265 x Kenya,0
uniqueid_7266 x Kenya,0
uniqueid_7267 x Kenya,0
uniqueid_7268 x Kenya,0
uniqueid_7269 x Kenya,0
uniqueid_7270 x Kenya,0
uniqueid_7271 x Kenya,1
uniqueid_7272 x Kenya,0
uniqueid_7273 x Kenya,1
uniqueid_7274 x Kenya,0
uniqueid_7275 x Kenya,1
uniqueid_7276 x Kenya,0
uniqueid_7277 x Kenya,0
uniqueid_7278 x Kenya,0
uniqueid_7279 x Kenya,0
uniqueid_7280 x Kenya,1
uniqueid_7281 x Kenya,0
uniqueid_7282 x Kenya,0
uniqueid_7283 x Kenya,0
uniqueid_7284 x Kenya,1
uniqueid_7285 x Kenya,0
uniqueid_7286 x Kenya,0
uniqueid_7287 x Kenya,1
uniqueid_7288 x Kenya,0
uniqueid_7289 x Kenya,1
uniqueid_7290 x Kenya,0
uniqueid_7291 x Kenya,0
uniqueid_7292 x Kenya,1
uniqueid_7293 x Kenya,0
uniqueid_7294 x Kenya,0
uniqueid_7295 x Kenya,0
uniqueid_7296 x Kenya,0
uniqueid_7297 x Kenya,0
uniqueid_7298 x Kenya,0
uniqueid_7299 x Kenya,0
uniqueid_7300 x Kenya,0
uniqueid_7301 x Kenya,0
uniqueid_7302 x Kenya,0
uniqueid_7303 x Kenya,0
uniqueid_7304 x Kenya,0
uniqueid_7305 x Kenya,0
uniqueid_7306 x Kenya,0
uniqueid_7307 x Kenya,0
uniqueid_7308 x Kenya,0
uniqueid_7309 x Kenya,1
uniqueid_7310 x Kenya,0
uniqueid_7311 x Kenya,1
uniqueid_7312 x Kenya,0
uniqueid_7313 x Kenya,1
uniqueid_7314 x Kenya,0
uniqueid_7315 x Kenya,1
uniqueid_7316 x Kenya,0
uniqueid_7317 x Kenya,0
uniqueid_7318 x Kenya,0
uniqueid_7319 x Kenya,0
uniqueid_7320 x Kenya,0
uniqueid_7321 x Kenya,0
uniqueid_7322 x Kenya,0
uniqueid_7323 x Kenya,1
uniqueid_7324 x Kenya,0
uniqueid_7325 x Kenya,1
uniqueid_7326 x Kenya,0
uniqueid_7327 x Kenya,0
uniqueid_7328 x Kenya,0
uniqueid_7329 x Kenya,0
uniqueid_7330 x Kenya,0
uniqueid_7331 x Kenya,1
uniqueid_7332 x Kenya,0
uniqueid_7333 x Kenya,0
uniqueid_7334 x Kenya,0
uniqueid_7335 x Kenya,0
uniqueid_7336 x Kenya,0
uniqueid_7337 x Kenya,1
uniqueid_7338 x Kenya,0
uniqueid_7339 x Kenya,0
uniqueid_7340 x Kenya,0
uniqueid_7341 x Kenya,1
uniqueid_7342 x Kenya,0
uniqueid_7343 x Kenya,0
uniqueid_7344 x Kenya,0
uniqueid_7345 x Kenya,0
uniqueid_7346 x Kenya,1
uniqueid_7347 x Kenya,0
uniqueid_7348 x Kenya,1
uniqueid_7349 x Kenya,0
uniqueid_7350 x Kenya,1
uniqueid_7351 x Kenya,0
uniqueid_7352 x Kenya,0
uniqueid_7353 x Kenya,0
uniqueid_7354 x Kenya,0
uniqueid_7355 x Kenya,0
uniqueid_7356 x Kenya,0
uniqueid_7357 x Kenya,0
uniqueid_7358 x Kenya,0
uniqueid_7359 x Kenya,0
uniqueid_7360 x Kenya,0
uniqueid_7361 x Kenya,0
uniqueid_7362 x Kenya,0
uniqueid_7363 x Kenya,0
uniqueid_7364 x Kenya,0
uniqueid_7365 x Kenya,0
uniqueid_7366 x Kenya,0
uniqueid_7367 x Kenya,0
uniqueid_7368 x Kenya,0
uniqueid_7369 x Kenya,0
uniqueid_7370 x Kenya,1
uniqueid_7371 x Kenya,0
uniqueid_7372 x Kenya,0
uniqueid_7373 x Kenya,0
uniqueid_7374 x Kenya,0
uniqueid_7375 x Kenya,0
uniqueid_7376 x Kenya,0
uniqueid_7377 x Kenya,0
uniqueid_7378 x Kenya,0
uniqueid_7379 x Kenya,0
uniqueid_7380 x Kenya,0
uniqueid_7381 x Kenya,0
uniqueid_7382 x Kenya,0
uniqueid_7383 x Kenya,0
uniqueid_7384 x Kenya,0
uniqueid_7385 x Kenya,1
uniqueid_7386 x Kenya,0
uniqueid_7387 x Kenya,0
uniqueid_7388 x Kenya,0
uniqueid_7389 x Kenya,0
uniqueid_7390 x Kenya,0
uniqueid_7391 x Kenya,0
uniqueid_7392 x Kenya,0
uniqueid_7393 x Kenya,0
uniqueid_7394 x Kenya,0
uniqueid_7395 x Kenya,1
uniqueid_7396 x Kenya,0
uniqueid_7397 x Kenya,0
uniqueid_7398 x Kenya,0
uniqueid_7399 x Kenya,0
uniqueid_7400 x Kenya,1
uniqueid_7401 x Kenya,0
uniqueid_7402 x Kenya,0
uniqueid_7403 x Kenya,1
uniqueid_7404 x Kenya,0
uniqueid_7405 x Kenya,1
uniqueid_7406 x Kenya,0
uniqueid_7407 x Kenya,0
uniqueid_7408 x Kenya,0
uniqueid_7409 x Kenya,0
uniqueid_7410 x Kenya,0
uniqueid_7411 x Kenya,0
uniqueid_7412 x Kenya,1
uniqueid_7413 x Kenya,0
uniqueid_7414 x Kenya,0
uniqueid_7415 x Kenya,0
uniqueid_7416 x Kenya,0
uniqueid_7417 x Kenya,1
uniqueid_7418 x Kenya,0
uniqueid_7419 x Kenya,0
uniqueid_7420 x Kenya,0
uniqueid_7421 x Kenya,1
uniqueid_7422 x Kenya,0
uniqueid_7423 x Kenya,0
uniqueid_7424 x Kenya,0
uniqueid_7425 x Kenya,0
uniqueid_7426 x Kenya,0
uniqueid_7427 x Kenya,0
uniqueid_7428 x Kenya,0
uniqueid_7429 x Kenya,0
uniqueid_7430 x Kenya,0
uniqueid_7431 x Kenya,0
uniqueid_7432 x Kenya,0
uniqueid_7433 x Kenya,0
uniqueid_7434 x Kenya,0
uniqueid_7435 x Kenya,0
uniqueid_7436 x Kenya,0
uniqueid_7437 x Kenya,0
uniqueid_7438 x Kenya,0
uniqueid_7439 x Kenya,0
uniqueid_7440 x Kenya,0
uniqueid_7441 x Kenya,0
uniqueid_7442 x Kenya,0
uniqueid_7443 x Kenya,0
uniqueid_7444 x Kenya,0
uniqueid_7445 x Kenya,0
uniqueid_7446 x Kenya,0
uniqueid_7447 x Kenya,0
uniqueid_7448 x Kenya,1
uniqueid_7449 x Kenya,0
uniqueid_7450 x Kenya,0
uniqueid_7451 x Kenya,0
uniqueid_7452 x Kenya,0
uniqueid_7453 x Kenya,0
uniqueid_7454 x Kenya,0
uniqueid_7455 x Kenya,0
uniqueid_7456 x Kenya,0
uniqueid_7457 x Kenya,0
uniqueid_7458 x Kenya,0
uniqueid_7459 x Kenya,0
uniqueid_7460 x Kenya,0
uniqueid_7461 x Kenya,0
uniqueid_7462 x Kenya,0
uniqueid_7463 x Kenya,1
uniqueid_7464 x Kenya,0
uniqueid_7465 x Kenya,0
uniqueid_7466 x Kenya,0
uniqueid_7467 x Kenya,0
uniqueid_7468 x Kenya,0
uniqueid_7469 x Kenya,0
uniqueid_7470 x Kenya,0
uniqueid_7471 x Kenya,0
uniqueid_7472 x Kenya,0
uniqueid_7473 x Kenya,0
uniqueid_7474 x Kenya,0
uniqueid_7475 x Kenya,0
uniqueid_7476 x Kenya,0
uniqueid_7477 x Kenya,0
uniqueid_7478 x Kenya,0
uniqueid_7479 x Kenya,0
uniqueid_7480 x Kenya,0
uniqueid_7481 x Kenya,0
uniqueid_7482 x Kenya,1
uniqueid_7483 x Kenya,0
uniqueid_7484 x Kenya,1
uniqueid_7485 x Kenya,0
uniqueid_7486 x Kenya,0
uniqueid_7487 x Kenya,0
uniqueid_7488 x Kenya,0
uniqueid_7489 x Kenya,0
uniqueid_7490 x Kenya,0
uniqueid_7491 x Kenya,0
uniqueid_7492 x Kenya,0
uniqueid_7493 x Kenya,1
uniqueid_7494 x Kenya,0
uniqueid_7495 x Kenya,1
uniqueid_7496 x Kenya,0
uniqueid_7497 x Kenya,0
uniqueid_7498 x Kenya,0
uniqueid_7499 x Kenya,0
uniqueid_7500 x Kenya,0
uniqueid_7501 x Kenya,0
uniqueid_7502 x Kenya,0
uniqueid_7503 x Kenya,0
uniqueid_7504 x Kenya,0
uniqueid_7505 x Kenya,0
uniqueid_7506 x Kenya,0
uniqueid_7507 x Kenya,0
uniqueid_7508 x Kenya,0
uniqueid_7509 x Kenya,0
uniqueid_7510 x Kenya,0
uniqueid_7511 x Kenya,0
uniqueid_7512 x Kenya,0
uniqueid_7513 x Kenya,0
uniqueid_7514 x Kenya,0
uniqueid_7515 x Kenya,0
uniqueid_7516 x Kenya,0
uniqueid_7517 x Kenya,0
uniqueid_7518 x Kenya,0
uniqueid_7519 x Kenya,0
uniqueid_7520 x Kenya,0
uniqueid_7521 x Kenya,0
uniqueid_7522 x Kenya,0
uniqueid_7523 x Kenya,0
uniqueid_7524 x Kenya,0
uniqueid_7525 x Kenya,0
uniqueid_7526 x Kenya,0
uniqueid_7527 x Kenya,0
uniqueid_7528 x Kenya,0
uniqueid_7529 x Kenya,1
uniqueid_7530 x Kenya,0
uniqueid_7531 x Kenya,0
uniqueid_7532 x Kenya,0
uniqueid_7533 x Kenya,0
uniqueid_7534 x Kenya,0
uniqueid_7535 x Kenya,0
uniqueid_7536 x Kenya,0
uniqueid_7537 x Kenya,1
uniqueid_7538 x Kenya,0
uniqueid_7539 x Kenya,0
uniqueid_7540 x Kenya,0
uniqueid_7541 x Kenya,0
uniqueid_7542 x Kenya,0
uniqueid_7543 x Kenya,0
uniqueid_7544 x Kenya,0
uniqueid_7545 x Kenya,0
uniqueid_7546 x Kenya,0
uniqueid_7547 x Kenya,0
uniqueid_7548 x Kenya,0
uniqueid_7549 x Kenya,0
uniqueid_7550 x Kenya,0
uniqueid_7551 x Kenya,1
uniqueid_7552 x Kenya,0
uniqueid_7553 x Kenya,0
uniqueid_7554 x Kenya,0
uniqueid_7555 x Kenya,0
uniqueid_7556 x Kenya,1
uniqueid_7557 x Kenya,0
uniqueid_7558 x Kenya,0
uniqueid_7559 x Kenya,1
uniqueid_7560 x Kenya,0
uniqueid_7561 x Kenya,1
uniqueid_7562 x Kenya,0
uniqueid_7563 x Kenya,0
uniqueid_7564 x Kenya,0
uniqueid_7565 x Kenya,1
uniqueid_7566 x Kenya,0
uniqueid_7567 x Kenya,1
uniqueid_7568 x Kenya,0
uniqueid_7569 x Kenya,0
uniqueid_7570 x Kenya,0
uniqueid_7571 x Kenya,0
uniqueid_7572 x Kenya,0
uniqueid_7573 x Kenya,1
uniqueid_7574 x Kenya,0
uniqueid_7575 x Kenya,0
uniqueid_7576 x Kenya,0
uniqueid_7577 x Kenya,0
uniqueid_7578 x Kenya,0
uniqueid_7579 x Kenya,0
uniqueid_7580 x Kenya,0
uniqueid_7581 x Kenya,0
uniqueid_7582 x Kenya,0
uniqueid_7583 x Kenya,0
uniqueid_7584 x Kenya,0
uniqueid_7585 x Kenya,0
uniqueid_7586 x Kenya,0
uniqueid_7587 x Kenya,0
uniqueid_7588 x Kenya,0
uniqueid_7589 x Kenya,0
uniqueid_7590 x Kenya,0
uniqueid_7591 x Kenya,1
uniqueid_7592 x Kenya,0
uniqueid_7593 x Kenya,0
uniqueid_7594 x Kenya,0
uniqueid_7595 x Kenya,0
uniqueid_7596 x Kenya,0
uniqueid_7597 x Kenya,0
uniqueid_7598 x Kenya,1
uniqueid_7599 x Kenya,0
uniqueid_7600 x Kenya,1
uniqueid_7601 x Kenya,0
uniqueid_7602 x Kenya,0
uniqueid_7603 x Kenya,0
uniqueid_7604 x Kenya,0
uniqueid_7605 x Kenya,0
uniqueid_7606 x Kenya,0
uniqueid_7607 x Kenya,0
uniqueid_7608 x Kenya,0
uniqueid_7609 x Kenya,0
uniqueid_7610 x Kenya,0
uniqueid_7611 x Kenya,0
uniqueid_7612 x Kenya,0
uniqueid_7613 x Kenya,0
uniqueid_7614 x Kenya,0
uniqueid_7615 x Kenya,0
uniqueid_7616 x Kenya,1
uniqueid_7617 x Kenya,0
uniqueid_7618 x Kenya,0
uniqueid_7619 x Kenya,0
uniqueid_7620 x Kenya,0
uniqueid_7621 x Kenya,0
uniqueid_7622 x Kenya,0
uniqueid_7623 x Kenya,0
uniqueid_7624 x Kenya,0
uniqueid_7625 x Kenya,0
uniqueid_7626 x Kenya,0
uniqueid_7627 x Kenya,1
uniqueid_7628 x Kenya,0
uniqueid_7629 x Kenya,0
uniqueid_7630 x Kenya,0
uniqueid_7631 x Kenya,0
uniqueid_7632 x Kenya,0
uniqueid_7633 x Kenya,0
uniqueid_7634 x Kenya,0
uniqueid_7635 x Kenya,0
uniqueid_7636 x Kenya,0
uniqueid_7637 x Kenya,0
uniqueid_7638 x Kenya,0
uniqueid_7639 x Kenya,0
uniqueid_7640 x Kenya,0
uniqueid_7641 x Kenya,0
uniqueid_7642 x Kenya,0
uniqueid_7643 x Kenya,0
uniqueid_7644 x Kenya,0
uniqueid_7645 x Kenya,0
uniqueid_7646 x Kenya,0
uniqueid_7647 x Kenya,0
uniqueid_7648 x Kenya,0
uniqueid_7649 x Kenya,0
uniqueid_7650 x Kenya,0
uniqueid_7651 x Kenya,0
uniqueid_7652 x Kenya,0
uniqueid_7653 x Kenya,0
uniqueid_7654 x Kenya,1
uniqueid_7655 x Kenya,1
uniqueid_7656 x Kenya,0
uniqueid_7657 x Kenya,0
uniqueid_7658 x Kenya,0
uniqueid_7659 x Kenya,0
uniqueid_7660 x Kenya,0
uniqueid_7661 x Kenya,0
uniqueid_7662 x Kenya,0
uniqueid_7663 x Kenya,0
uniqueid_7664 x Kenya,0
uniqueid_7665 x Kenya,0
uniqueid_7666 x Kenya,0
uniqueid_7667 x Kenya,0
uniqueid_7668 x Kenya,1
uniqueid_7669 x Kenya,0
uniqueid_7670 x Kenya,0
uniqueid_7671 x Kenya,0
uniqueid_7672 x Kenya,0
uniqueid_7673 x Kenya,0
uniqueid_7674 x Kenya,0
uniqueid_7675 x Kenya,0
uniqueid_7676 x Kenya,0
uniqueid_7677 x Kenya,0
uniqueid_7678 x Kenya,0
uniqueid_7679 x Kenya,0
uniqueid_7680 x Kenya,0
uniqueid_7681 x Kenya,0
uniqueid_7682 x Kenya,0
uniqueid_7683 x Kenya,0
uniqueid_7684 x Kenya,0
uniqueid_7685 x Kenya,1
uniqueid_7686 x Kenya,1
uniqueid_7687 x Kenya,0
uniqueid_7688 x Kenya,1
uniqueid_7689 x Kenya,0
uniqueid_7690 x Kenya,0
uniqueid_7691 x Kenya,0
uniqueid_7692 x Kenya,0
uniqueid_7693 x Kenya,0
uniqueid_7694 x Kenya,0
uniqueid_7695 x Kenya,0
uniqueid_7696 x Kenya,0
uniqueid_7697 x Kenya,0
uniqueid_7698 x Kenya,0
uniqueid_7699 x Kenya,0
uniqueid_7700 x Kenya,0
uniqueid_7701 x Kenya,0
uniqueid_7702 x Kenya,0
uniqueid_7703 x Kenya,1
uniqueid_7704 x Kenya,0
uniqueid_7705 x Kenya,0
uniqueid_7706 x Kenya,0
uniqueid_7707 x Kenya,0
uniqueid_7708 x Kenya,1
uniqueid_7709 x Kenya,0
uniqueid_7710 x Kenya,1
uniqueid_7711 x Kenya,0
uniqueid_7712 x Kenya,0
uniqueid_7713 x Kenya,0
uniqueid_7714 x Kenya,1
uniqueid_7715 x Kenya,1
uniqueid_7716 x Kenya,0
uniqueid_7717 x Kenya,0
uniqueid_7718 x Kenya,1
uniqueid_7719 x Kenya,0
uniqueid_7720 x Kenya,0
uniqueid_7721 x Kenya,0
uniqueid_7722 x Kenya,0
uniqueid_7723 x Kenya,0
uniqueid_7724 x Kenya,0
uniqueid_7725 x Kenya,0
uniqueid_7726 x Kenya,0
uniqueid_7727 x Kenya,0
uniqueid_7728 x Kenya,0
uniqueid_7729 x Kenya,0
uniqueid_7730 x Kenya,1
uniqueid_7731 x Kenya,0
uniqueid_7732 x Kenya,0
uniqueid_7733 x Kenya,0
uniqueid_7734 x Kenya,0
uniqueid_7735 x Kenya,0
uniqueid_7736 x Kenya,0
uniqueid_7737 x Kenya,0
uniqueid_7738 x Kenya,0
uniqueid_7739 x Kenya,0
uniqueid_7740 x Kenya,0
uniqueid_7741 x Kenya,0
uniqueid_7742 x Kenya,0
uniqueid_7743 x Kenya,0
uniqueid_7744 x Kenya,0
uniqueid_7745 x Kenya,0
uniqueid_7746 x Kenya,0
uniqueid_7747 x Kenya,0
uniqueid_7748 x Kenya,0
uniqueid_7749 x Kenya,0
uniqueid_7750 x Kenya,0
uniqueid_7751 x Kenya,0
uniqueid_7752 x Kenya,0
uniqueid_7753 x Kenya,0
uniqueid_7754 x Kenya,0
uniqueid_7755 x Kenya,0
uniqueid_7756 x Kenya,0
uniqueid_7757 x Kenya,0
uniqueid_7758 x Kenya,1
uniqueid_7759 x Kenya,1
uniqueid_7760 x Kenya,0
uniqueid_7761 x Kenya,0
uniqueid_7762 x Kenya,0
uniqueid_7763 x Kenya,0
uniqueid_7764 x Kenya,0
uniqueid_7765 x Kenya,0
uniqueid_7766 x Kenya,0
uniqueid_7767 x Kenya,0
uniqueid_7768 x Kenya,0
uniqueid_7769 x Kenya,0
uniqueid_7770 x Kenya,0
uniqueid_7771 x Kenya,1
uniqueid_7772 x Kenya,0
uniqueid_7773 x Kenya,0
uniqueid_7774 x Kenya,0
uniqueid_7775 x Kenya,0
uniqueid_7776 x Kenya,1
uniqueid_7777 x Kenya,0
uniqueid_7778 x Kenya,0
uniqueid_7779 x Kenya,0
uniqueid_7780 x Kenya,1
uniqueid_7781 x Kenya,0
uniqueid_7782 x Kenya,0
uniqueid_7783 x Kenya,1
uniqueid_7784 x Kenya,0
uniqueid_7785 x Kenya,0
uniqueid_7786 x Kenya,0
uniqueid_7787 x Kenya,0
uniqueid_7788 x Kenya,0
uniqueid_7789 x Kenya,1
uniqueid_7790 x Kenya,1
uniqueid_7791 x Kenya,0
uniqueid_7792 x Kenya,0
uniqueid_7793 x Kenya,0
uniqueid_7794 x Kenya,0
uniqueid_7795 x Kenya,0
uniqueid_7796 x Kenya,0
uniqueid_7797 x Kenya,0
uniqueid_7798 x Kenya,0
uniqueid_7799 x Kenya,0
uniqueid_7800 x Kenya,0
uniqueid_7801 x Kenya,0
uniqueid_7802 x Kenya,1
uniqueid_7803 x Kenya,0
uniqueid_7804 x Kenya,0
uniqueid_7805 x Kenya,0
uniqueid_7806 x Kenya,0
uniqueid_7807 x Kenya,1
uniqueid_7808 x Kenya,0
uniqueid_7809 x Kenya,0
uniqueid_7810 x Kenya,0
uniqueid_7811 x Kenya,0
uniqueid_7812 x Kenya,0
uniqueid_7813 x Kenya,0
uniqueid_7814 x Kenya,0
uniqueid_7815 x Kenya,1
uniqueid_7816 x Kenya,0
uniqueid_7817 x Kenya,0
uniqueid_7818 x Kenya,0
uniqueid_7819 x Kenya,0
uniqueid_7820 x Kenya,0
uniqueid_7821 x Kenya,0
uniqueid_7822 x Kenya,0
uniqueid_7823 x Kenya,0
uniqueid_7824 x Kenya,0
uniqueid_7825 x Kenya,0
uniqueid_7826 x Kenya,0
uniqueid_7827 x Kenya,1
uniqueid_7828 x Kenya,0
uniqueid_7829 x Kenya,0
uniqueid_7830 x Kenya,0
uniqueid_7831 x Kenya,0
uniqueid_7832 x Kenya,0
uniqueid_7833 x Kenya,0
uniqueid_7834 x Kenya,0
uniqueid_7835 x Kenya,0
uniqueid_7836 x Kenya,0
uniqueid_7837 x Kenya,0
uniqueid_7838 x Kenya,0
uniqueid_7839 x Kenya,0
uniqueid_7840 x Kenya,0
uniqueid_7841 x Kenya,0
uniqueid_7842 x Kenya,0
uniqueid_7843 x Kenya,0
uniqueid_7844 x Kenya,0
uniqueid_7845 x Kenya,0
uniqueid_7846 x Kenya,0
uniqueid_7847 x Kenya,0
uniqueid_7848 x Kenya,0
uniqueid_7849 x Kenya,0
uniqueid_7850 x Kenya,0
uniqueid_7851 x Kenya,0
uniqueid_7852 x Kenya,1
uniqueid_7853 x Kenya,0
uniqueid_7854 x Kenya,0
uniqueid_7855 x Kenya,0
uniqueid_7856 x Kenya,0
uniqueid_7857 x Kenya,0
uniqueid_7858 x Kenya,0
uniqueid_7859 x Kenya,0
uniqueid_7860 x Kenya,0
uniqueid_7861 x Kenya,0
uniqueid_7862 x Kenya,0
uniqueid_7863 x Kenya,0
uniqueid_7864 x Kenya,0
uniqueid_7865 x Kenya,0
uniqueid_7866 x Kenya,0
uniqueid_7867 x Kenya,0
uniqueid_7868 x Kenya,0
uniqueid_7869 x Kenya,0
uniqueid_7870 x Kenya,1
uniqueid_7871 x Kenya,0
uniqueid_7872 x Kenya,0
uniqueid_7873 x Kenya,0
uniqueid_7874 x Kenya,0
uniqueid_7875 x Kenya,0
uniqueid_7876 x Kenya,0
uniqueid_7877 x Kenya,0
uniqueid_7878 x Kenya,0
uniqueid_7879 x Kenya,0
uniqueid_7880 x Kenya,0
uniqueid_7881 x Kenya,0
uniqueid_7882 x Kenya,1
uniqueid_7883 x Kenya,1
uniqueid_7884 x Kenya,0
uniqueid_7885 x Kenya,1
uniqueid_7886 x Kenya,0
uniqueid_7887 x Kenya,0
uniqueid_7888 x Kenya,0
uniqueid_7889 x Kenya,0
uniqueid_7890 x Kenya,0
uniqueid_7891 x Kenya,0
uniqueid_7892 x Kenya,0
uniqueid_7893 x Kenya,0
uniqueid_7894 x Kenya,0
uniqueid_7895 x Kenya,0
uniqueid_7896 x Kenya,1
uniqueid_7897 x Kenya,0
uniqueid_7898 x Kenya,0
uniqueid_7899 x Kenya,0
uniqueid_7900 x Kenya,0
uniqueid_7901 x Kenya,0
uniqueid_7902 x Kenya,0
uniqueid_7903 x Kenya,0
uniqueid_7904 x Kenya,0
uniqueid_7905 x Kenya,1
uniqueid_7906 x Kenya,1
uniqueid_7907 x Kenya,0
uniqueid_7908 x Kenya,1
uniqueid_7909 x Kenya,1
uniqueid_7910 x Kenya,0
uniqueid_7911 x Kenya,0
uniqueid_7912 x Kenya,0
uniqueid_7913 x Kenya,0
uniqueid_7914 x Kenya,0
uniqueid_7915 x Kenya,0
uniqueid_7916 x Kenya,0
uniqueid_7917 x Kenya,0
uniqueid_7918 x Kenya,0
uniqueid_7919 x Kenya,0
uniqueid_7920 x Kenya,0
uniqueid_7921 x Kenya,0
uniqueid_7922 x Kenya,0
uniqueid_7923 x Kenya,0
uniqueid_7924 x Kenya,0
uniqueid_7925 x Kenya,0
uniqueid_7926 x Kenya,0
uniqueid_7927 x Kenya,1
uniqueid_7928 x Kenya,1
uniqueid_7929 x Kenya,0
uniqueid_7930 x Kenya,0
uniqueid_7931 x Kenya,0
uniqueid_7932 x Kenya,0
uniqueid_7933 x Kenya,1
uniqueid_7934 x Kenya,0
uniqueid_7935 x Kenya,0
uniqueid_7936 x Kenya,0
uniqueid_7937 x Kenya,0
uniqueid_7938 x Kenya,0
uniqueid_7939 x Kenya,0
uniqueid_7940 x Kenya,0
uniqueid_7941 x Kenya,0
uniqueid_7942 x Kenya,0
uniqueid_7943 x Kenya,0
uniqueid_7944 x Kenya,1
uniqueid_7945 x Kenya,1
uniqueid_7946 x Kenya,0
uniqueid_7947 x Kenya,0
uniqueid_7948 x Kenya,0
uniqueid_7949 x Kenya,0
uniqueid_7950 x Kenya,0
uniqueid_7951 x Kenya,0
uniqueid_7952 x Kenya,1
uniqueid_7953 x Kenya,0
uniqueid_7954 x Kenya,0
uniqueid_7955 x Kenya,0
uniqueid_7956 x Kenya,0
uniqueid_7957 x Kenya,0
uniqueid_7958 x Kenya,0
uniqueid_7959 x Kenya,1
uniqueid_7960 x Kenya,0
uniqueid_7961 x Kenya,0
uniqueid_7962 x Kenya,1
uniqueid_7963 x Kenya,0
uniqueid_7964 x Kenya,0
uniqueid_7965 x Kenya,0
uniqueid_7966 x Kenya,0
uniqueid_7967 x Kenya,1
uniqueid_7968 x Kenya,0
uniqueid_7969 x Kenya,0
uniqueid_7970 x Kenya,0
uniqueid_7971 x Kenya,0
uniqueid_7972 x Kenya,0
uniqueid_7973 x Kenya,1
uniqueid_7974 x Kenya,0
uniqueid_7975 x Kenya,0
uniqueid_7976 x Kenya,0
uniqueid_7977 x Kenya,0
uniqueid_7978 x Kenya,0
uniqueid_7979 x Kenya,0
uniqueid_7980 x Kenya,0
uniqueid_7981 x Kenya,0
uniqueid_7982 x Kenya,0
uniqueid_7983 x Kenya,1
uniqueid_7984 x Kenya,0
uniqueid_7985 x Kenya,0
uniqueid_7986 x Kenya,0
uniqueid_7987 x Kenya,0
uniqueid_7988 x Kenya,0
uniqueid_7989 x Kenya,1
uniqueid_7990 x Kenya,1
uniqueid_7991 x Kenya,0
uniqueid_7992 x Kenya,1
uniqueid_7993 x Kenya,0
uniqueid_7994 x Kenya,0
uniqueid_7995 x Kenya,1
uniqueid_7996 x Kenya,0
uniqueid_7997 x Kenya,0
uniqueid_7998 x Kenya,0
uniqueid_7999 x Kenya,0
uniqueid_8000 x Kenya,0
uniqueid_8001 x Kenya,0
uniqueid_8002 x Kenya,0
uniqueid_8003 x Kenya,0
uniqueid_8004 x Kenya,0
uniqueid_8005 x Kenya,0
uniqueid_8006 x Kenya,0
uniqueid_8007 x Kenya,0
uniqueid_8008 x Kenya,0
uniqueid_8009 x Kenya,0
uniqueid_8010 x Kenya,0
uniqueid_8011 x Kenya,0
uniqueid_8012 x Kenya,0
uniqueid_8013 x Kenya,0
uniqueid_8014 x Kenya,1
uniqueid_8015 x Kenya,0
uniqueid_8016 x Kenya,1
uniqueid_8017 x Kenya,0
uniqueid_8018 x Kenya,0
uniqueid_8019 x Kenya,0
uniqueid_8020 x Kenya,0
uniqueid_8021 x Kenya,0
uniqueid_8022 x Kenya,0
uniqueid_8023 x Kenya,0
uniqueid_8024 x Kenya,0
uniqueid_8025 x Kenya,0
uniqueid_8026 x Kenya,0
uniqueid_8027 x Kenya,0
uniqueid_8028 x Kenya,0
uniqueid_8029 x Kenya,1
uniqueid_8030 x Kenya,0
uniqueid_8031 x Kenya,1
uniqueid_8032 x Kenya,0
uniqueid_8033 x Kenya,0
uniqueid_8034 x Kenya,0
uniqueid_8035 x Kenya,0
uniqueid_8036 x Kenya,0
uniqueid_8037 x Kenya,0
uniqueid_8038 x Kenya,0
uniqueid_8039 x Kenya,0
uniqueid_8040 x Kenya,0
uniqueid_8041 x Kenya,0
uniqueid_8042 x Kenya,1
uniqueid_8043 x Kenya,0
uniqueid_8044 x Kenya,0
uniqueid_8045 x Kenya,0
uniqueid_8046 x Kenya,0
uniqueid_8047 x Kenya,0
uniqueid_8048 x Kenya,0
uniqueid_8049 x Kenya,0
uniqueid_8050 x Kenya,0
uniqueid_8051 x Kenya,1
uniqueid_8052 x Kenya,1
uniqueid_8053 x Kenya,0
uniqueid_8054 x Kenya,0
uniqueid_8055 x Kenya,0
uniqueid_8056 x Kenya,0
uniqueid_8057 x Kenya,0
uniqueid_8058 x Kenya,1
uniqueid_8059 x Kenya,0
uniqueid_8060 x Kenya,0
uniqueid_8061 x Kenya,0
uniqueid_8062 x Kenya,0
uniqueid_8063 x Kenya,1
uniqueid_8064 x Kenya,0
uniqueid_8065 x Kenya,0
uniqueid_8066 x Kenya,0
uniqueid_8067 x Kenya,0
uniqueid_8068 x Kenya,0
uniqueid_8069 x Kenya,0
uniqueid_8070 x Kenya,0
uniqueid_8071 x Kenya,0
uniqueid_8072 x Kenya,0
uniqueid_8073 x Kenya,1
uniqueid_8074 x Kenya,0
uniqueid_8075 x Kenya,1
uniqueid_8076 x Kenya,0
uniqueid_8077 x Kenya,0
uniqueid_8078 x Kenya,0
uniqueid_8079 x Kenya,0
uniqueid_8080 x Kenya,0
uniqueid_8081 x Kenya,0
uniqueid_8082 x Kenya,0
uniqueid_8083 x Kenya,0
uniqueid_8084 x Kenya,0
uniqueid_8085 x Kenya,0
uniqueid_8086 x Kenya,0
uniqueid_8087 x Kenya,1
uniqueid_8088 x Kenya,1
uniqueid_8089 x Kenya,0
uniqueid_8090 x Kenya,0
uniqueid_8091 x Kenya,0
uniqueid_8092 x Kenya,0
uniqueid_8093 x Kenya,0
uniqueid_8094 x Kenya,0
uniqueid_8095 x Kenya,1
uniqueid_8096 x Kenya,0
uniqueid_8097 x Kenya,0
uniqueid_8098 x Kenya,0
uniqueid_8099 x Kenya,1
uniqueid_8100 x Kenya,0
uniqueid_8101 x Kenya,1
uniqueid_8102 x Kenya,0
uniqueid_8103 x Kenya,1
uniqueid_8104 x Kenya,0
uniqueid_8105 x Kenya,1
uniqueid_8106 x Kenya,0
uniqueid_8107 x Kenya,0
uniqueid_8108 x Kenya,0
uniqueid_8109 x Kenya,0
uniqueid_8110 x Kenya,0
uniqueid_8111 x Kenya,0
uniqueid_8112 x Kenya,0
uniqueid_8113 x Kenya,0
uniqueid_8114 x Kenya,0
uniqueid_8115 x Kenya,0
uniqueid_8116 x Kenya,1
uniqueid_8117 x Kenya,0
uniqueid_8118 x Kenya,0
uniqueid_8119 x Kenya,0
uniqueid_8120 x Kenya,0
uniqueid_8121 x Kenya,1
uniqueid_8122 x Kenya,0
uniqueid_8123 x Kenya,0
uniqueid_8124 x Kenya,0
uniqueid_8125 x Kenya,0
uniqueid_8126 x Kenya,0
uniqueid_8127 x Kenya,1
uniqueid_8128 x Kenya,0
uniqueid_8129 x Kenya,0
uniqueid_8130 x Kenya,0
uniqueid_8131 x Kenya,0
uniqueid_8132 x Kenya,1
uniqueid_8133 x Kenya,0
uniqueid_8134 x Kenya,0
uniqueid_8135 x Kenya,0
uniqueid_8136 x Kenya,0
uniqueid_8137 x Kenya,0
uniqueid_8138 x Kenya,0
uniqueid_8139 x Kenya,0
uniqueid_8140 x Kenya,0
uniqueid_8141 x Kenya,0
uniqueid_8142 x Kenya,0
uniqueid_8143 x Kenya,1
uniqueid_8144 x Kenya,0
uniqueid_8145 x Kenya,0
uniqueid_8146 x Kenya,1
uniqueid_8147 x Kenya,0
uniqueid_8148 x Kenya,1
uniqueid_8149 x Kenya,0
uniqueid_8150 x Kenya,0
uniqueid_8151 x Kenya,0
uniqueid_8152 x Kenya,0
uniqueid_8153 x Kenya,0
uniqueid_8154 x Kenya,0
uniqueid_8155 x Kenya,0
uniqueid_8156 x Kenya,0
uniqueid_8157 x Kenya,0
uniqueid_8158 x Kenya,0
uniqueid_8159 x Kenya,0
uniqueid_8160 x Kenya,0
uniqueid_8161 x Kenya,0
uniqueid_8162 x Kenya,0
uniqueid_8163 x Kenya,0
uniqueid_8164 x Kenya,0
uniqueid_8165 x Kenya,0
uniqueid_8166 x Kenya,0
uniqueid_8167 x Kenya,0
uniqueid_8168 x Kenya,0
uniqueid_8169 x Kenya,0
uniqueid_8170 x Kenya,0
uniqueid_8171 x Kenya,0
uniqueid_8172 x Kenya,0
uniqueid_8173 x Kenya,0
uniqueid_8174 x Kenya,0
uniqueid_8175 x Kenya,0
uniqueid_8176 x Kenya,0
uniqueid_8177 x Kenya,0
uniqueid_8178 x Kenya,1
uniqueid_8179 x Kenya,0
uniqueid_8180 x Kenya,0
uniqueid_8181 x Kenya,0
uniqueid_8182 x Kenya,0
uniqueid_8183 x Kenya,0
uniqueid_8184 x Kenya,0
uniqueid_8185 x Kenya,1
uniqueid_8186 x Kenya,0
uniqueid_8187 x Kenya,0
uniqueid_8188 x Kenya,1
uniqueid_8189 x Kenya,0
uniqueid_8190 x Kenya,0
uniqueid_8191 x Kenya,0
uniqueid_8192 x Kenya,0
uniqueid_8193 x Kenya,0
uniqueid_8194 x Kenya,0
uniqueid_8195 x Kenya,0
uniqueid_8196 x Kenya,0
uniqueid_8197 x Kenya,1
uniqueid_8198 x Kenya,0
uniqueid_8199 x Kenya,0
uniqueid_8200 x Kenya,0
uniqueid_8201 x Kenya,0
uniqueid_8202 x Kenya,0
uniqueid_8203 x Kenya,0
uniqueid_8204 x Kenya,0
uniqueid_8205 x Kenya,0
uniqueid_8206 x Kenya,0
uniqueid_8207 x Kenya,0
uniqueid_8208 x Kenya,0
uniqueid_8209 x Kenya,0
uniqueid_8210 x Kenya,0
uniqueid_8211 x Kenya,0
uniqueid_8212 x Kenya,0
uniqueid_8213 x Kenya,0
uniqueid_8214 x Kenya,0
uniqueid_8215 x Kenya,0
uniqueid_8216 x Kenya,0
uniqueid_8217 x Kenya,0
uniqueid_8218 x Kenya,0
uniqueid_8219 x Kenya,0
uniqueid_8220 x Kenya,0
uniqueid_8221 x Kenya,0
uniqueid_8222 x Kenya,0
uniqueid_8223 x Kenya,0
uniqueid_8224 x Kenya,0
uniqueid_8225 x Kenya,0
uniqueid_8226 x Kenya,0
uniqueid_8227 x Kenya,0
uniqueid_8228 x Kenya,0
uniqueid_8229 x Kenya,0
uniqueid_8230 x Kenya,0
uniqueid_8231 x Kenya,0
uniqueid_8232 x Kenya,1
uniqueid_8233 x Kenya,0
uniqueid_8234 x Kenya,0
uniqueid_8235 x Kenya,0
uniqueid_8236 x Kenya,0
uniqueid_8237 x Kenya,0
uniqueid_8238 x Kenya,0
uniqueid_8239 x Kenya,0
uniqueid_8240 x Kenya,0
uniqueid_8241 x Kenya,0
uniqueid_8242 x Kenya,0
uniqueid_8243 x Kenya,0
uniqueid_8244 x Kenya,0
uniqueid_8245 x Kenya,1
uniqueid_8246 x Kenya,0
uniqueid_8247 x Kenya,0
uniqueid_8248 x Kenya,1
uniqueid_8249 x Kenya,0
uniqueid_8250 x Kenya,0
uniqueid_8251 x Kenya,0
uniqueid_8252 x Kenya,0
uniqueid_8253 x Kenya,1
uniqueid_8254 x Kenya,0
uniqueid_8255 x Kenya,0
uniqueid_8256 x Kenya,1
uniqueid_8257 x Kenya,1
uniqueid_8258 x Kenya,0
uniqueid_8259 x Kenya,0
uniqueid_8260 x Kenya,0
uniqueid_8261 x Kenya,0
uniqueid_8262 x Kenya,0
uniqueid_8263 x Kenya,0
uniqueid_8264 x Kenya,0
uniqueid_8265 x Kenya,0
uniqueid_8266 x Kenya,0
uniqueid_8267 x Kenya,0
uniqueid_8268 x Kenya,0
uniqueid_8269 x Kenya,0
uniqueid_8270 x Kenya,0
uniqueid_8271 x Kenya,1
uniqueid_8272 x Kenya,0
uniqueid_8273 x Kenya,0
uniqueid_8274 x Kenya,0
uniqueid_8275 x Kenya,0
uniqueid_8276 x Kenya,0
uniqueid_8277 x Kenya,0
uniqueid_8278 x Kenya,0
uniqueid_8279 x Kenya,0
uniqueid_8280 x Kenya,1
uniqueid_8281 x Kenya,1
uniqueid_8282 x Kenya,0
uniqueid_8283 x Kenya,0
uniqueid_8284 x Kenya,0
uniqueid_8285 x Kenya,0
uniqueid_8286 x Kenya,0
uniqueid_8287 x Kenya,0
uniqueid_8288 x Kenya,0
uniqueid_8289 x Kenya,0
uniqueid_8290 x Kenya,0
uniqueid_8291 x Kenya,0
uniqueid_8292 x Kenya,0
uniqueid_8293 x Kenya,0
uniqueid_8294 x Kenya,0
uniqueid_8295 x Kenya,0
uniqueid_8296 x Kenya,0
uniqueid_8297 x Kenya,0
uniqueid_8298 x Kenya,0
uniqueid_8299 x Kenya,0
uniqueid_8300 x Kenya,0
uniqueid_8301 x Kenya,0
uniqueid_8302 x Kenya,0
uniqueid_8303 x Kenya,0
uniqueid_8304 x Kenya,0
uniqueid_8305 x Kenya,0
uniqueid_8306 x Kenya,0
uniqueid_8307 x Kenya,0
uniqueid_8308 x Kenya,0
uniqueid_8309 x Kenya,0
uniqueid_8310 x Kenya,0
uniqueid_8311 x Kenya,0
uniqueid_8312 x Kenya,0
uniqueid_8313 x Kenya,0
uniqueid_8314 x Kenya,0
uniqueid_8315 x Kenya,0
uniqueid_8316 x Kenya,0
uniqueid_8317 x Kenya,0
uniqueid_8318 x Kenya,1
uniqueid_8319 x Kenya,0
uniqueid_8320 x Kenya,1
uniqueid_8321 x Kenya,0
uniqueid_8322 x Kenya,0
uniqueid_8323 x Kenya,0
uniqueid_8324 x Kenya,0
uniqueid_8325 x Kenya,0
uniqueid_8326 x Kenya,0
uniqueid_8327 x Kenya,0
uniqueid_8328 x Kenya,0
uniqueid_8329 x Kenya,0
uniqueid_8330 x Kenya,0
uniqueid_8331 x Kenya,1
uniqueid_8332 x Kenya,0
uniqueid_8333 x Kenya,0
uniqueid_8334 x Kenya,0
uniqueid_8335 x Kenya,0
uniqueid_8336 x Kenya,0
uniqueid_8337 x Kenya,0
uniqueid_8338 x Kenya,0
uniqueid_8339 x Kenya,0
uniqueid_8340 x Kenya,0
uniqueid_8341 x Kenya,0
uniqueid_8342 x Kenya,0
uniqueid_8343 x Kenya,0
uniqueid_8344 x Kenya,0
uniqueid_8345 x Kenya,0
uniqueid_8346 x Kenya,0
uniqueid_8347 x Kenya,0
uniqueid_8348 x Kenya,0
uniqueid_8349 x Kenya,0
uniqueid_8350 x Kenya,0
uniqueid_8351 x Kenya,0
uniqueid_8352 x Kenya,0
uniqueid_8353 x Kenya,0
uniqueid_8354 x Kenya,0
uniqueid_8355 x Kenya,0
uniqueid_8356 x Kenya,0
uniqueid_8357 x Kenya,0
uniqueid_8358 x Kenya,0
uniqueid_8359 x Kenya,0
uniqueid_8360 x Kenya,0
uniqueid_8361 x Kenya,0
uniqueid_8362 x Kenya,1
uniqueid_8363 x Kenya,0
uniqueid_8364 x Kenya,0
uniqueid_8365 x Kenya,1
uniqueid_8366 x Kenya,0
uniqueid_8367 x Kenya,0
uniqueid_8368 x Kenya,1
uniqueid_8369 x Kenya,0
uniqueid_8370 x Kenya,0
uniqueid_8371 x Kenya,0
uniqueid_8372 x Kenya,0
uniqueid_8373 x Kenya,0
uniqueid_8374 x Kenya,0
uniqueid_8375 x Kenya,0
uniqueid_8376 x Kenya,0
uniqueid_8377 x Kenya,0
uniqueid_8378 x Kenya,0
uniqueid_8379 x Kenya,0
uniqueid_8380 x Kenya,0
uniqueid_8381 x Kenya,1
uniqueid_8382 x Kenya,0
uniqueid_8383 x Kenya,0
uniqueid_8384 x Kenya,0
uniqueid_8385 x Kenya,0
uniqueid_8386 x Kenya,0
uniqueid_8387 x Kenya,0
uniqueid_8388 x Kenya,0
uniqueid_8389 x Kenya,0
uniqueid_8390 x Kenya,0
uniqueid_8391 x Kenya,1
uniqueid_8392 x Kenya,0
uniqueid_8393 x Kenya,0
uniqueid_8394 x Kenya,0
uniqueid_8395 x Kenya,0
uniqueid_8396 x Kenya,0
uniqueid_8397 x Kenya,0
uniqueid_8398 x Kenya,1
uniqueid_8399 x Kenya,0
uniqueid_8400 x Kenya,0
uniqueid_8401 x Kenya,0
uniqueid_8402 x Kenya,0
uniqueid_8403 x Kenya,1
uniqueid_8404 x Kenya,0
uniqueid_8405 x Kenya,1
uniqueid_8406 x Kenya,0
uniqueid_8407 x Kenya,0
uniqueid_8408 x Kenya,0
uniqueid_8409 x Kenya,1
uniqueid_8410 x Kenya,0
uniqueid_8411 x Kenya,0
uniqueid_8412 x Kenya,0
uniqueid_8413 x Kenya,0
uniqueid_8414 x Kenya,0
uniqueid_8415 x Kenya,0
uniqueid_8416 x Kenya,0
uniqueid_8417 x Kenya,1
uniqueid_8418 x Kenya,0
uniqueid_8419 x Kenya,0
uniqueid_8420 x Kenya,0
uniqueid_8421 x Kenya,0
uniqueid_8422 x Kenya,0
uniqueid_8423 x Kenya,0
uniqueid_8424 x Kenya,1
uniqueid_8425 x Kenya,0
uniqueid_8426 x Kenya,0
uniqueid_8427 x Kenya,0
uniqueid_8428 x Kenya,0
uniqueid_8429 x Kenya,0
uniqueid_8430 x Kenya,0
uniqueid_8431 x Kenya,0
uniqueid_8432 x Kenya,1
uniqueid_8433 x Kenya,0
uniqueid_8434 x Kenya,0
uniqueid_8435 x Kenya,0
uniqueid_8436 x Kenya,0
uniqueid_8437 x Kenya,1
uniqueid_8438 x Kenya,0
uniqueid_8439 x Kenya,1
uniqueid_8440 x Kenya,0
uniqueid_8441 x Kenya,1
uniqueid_8442 x Kenya,0
uniqueid_8443 x Kenya,0
uniqueid_8444 x Kenya,1
uniqueid_8445 x Kenya,0
uniqueid_8446 x Kenya,0
uniqueid_8447 x Kenya,0
uniqueid_8448 x Kenya,0
uniqueid_8449 x Kenya,1
uniqueid_8450 x Kenya,0
uniqueid_8451 x Kenya,0
uniqueid_8452 x Kenya,0
uniqueid_8453 x Kenya,0
uniqueid_8454 x Kenya,0
uniqueid_8455 x Kenya,0
uniqueid_8456 x Kenya,0
uniqueid_8457 x Kenya,1
uniqueid_8458 x Kenya,0
uniqueid_8459 x Kenya,0
uniqueid_8460 x Kenya,0
uniqueid_8461 x Kenya,0
uniqueid_8462 x Kenya,0
uniqueid_8463 x Kenya,0
uniqueid_8464 x Kenya,0
uniqueid_8465 x Kenya,0
uniqueid_8466 x Kenya,0
uniqueid_8467 x Kenya,0
uniqueid_8468 x Kenya,0
uniqueid_8469 x Kenya,0
uniqueid_8470 x Kenya,0
uniqueid_8471 x Kenya,1
uniqueid_8472 x Kenya,0
uniqueid_8473 x Kenya,0
uniqueid_8474 x Kenya,0
uniqueid_8475 x Kenya,1
uniqueid_8476 x Kenya,0
uniqueid_8477 x Kenya,0
uniqueid_8478 x Kenya,0
uniqueid_8479 x Kenya,0
uniqueid_8480 x Kenya,0
uniqueid_8481 x Kenya,0
uniqueid_8482 x Kenya,0
uniqueid_8483 x Kenya,0
uniqueid_8484 x Kenya,1
uniqueid_8485 x Kenya,0
uniqueid_8486 x Kenya,0
uniqueid_8487 x Kenya,0
uniqueid_8488 x Kenya,0
uniqueid_8489 x Kenya,0
uniqueid_8490 x Kenya,0
uniqueid_8491 x Kenya,0
uniqueid_8492 x Kenya,0
uniqueid_8493 x Kenya,0
uniqueid_8494 x Kenya,0
uniqueid_8495 x Kenya,0
uniqueid_8496 x Kenya,0
uniqueid_8497 x Kenya,1
uniqueid_8498 x Kenya,0
uniqueid_8499 x Kenya,0
uniqueid_8500 x Kenya,0
uniqueid_8501 x Kenya,0
uniqueid_8502 x Kenya,0
uniqueid_8503 x Kenya,0
uniqueid_8504 x Kenya,1
uniqueid_8505 x Kenya,0
uniqueid_8506 x Kenya,0
uniqueid_8507 x Kenya,0
uniqueid_8508 x Kenya,1
uniqueid_8509 x Kenya,0
uniqueid_8510 x Kenya,1
uniqueid_8511 x Kenya,0
uniqueid_8512 x Kenya,0
uniqueid_8513 x Kenya,0
uniqueid_8514 x Kenya,1
uniqueid_8515 x Kenya,0
uniqueid_8516 x Kenya,0
uniqueid_8517 x Kenya,0
uniqueid_8518 x Kenya,0
uniqueid_8519 x Kenya,0
uniqueid_8520 x Kenya,0
uniqueid_8521 x Kenya,0
uniqueid_8522 x Kenya,0
uniqueid_8523 x Kenya,0
uniqueid_8524 x Kenya,1
uniqueid_8525 x Kenya,0
uniqueid_8526 x Kenya,0
uniqueid_8527 x Kenya,0
uniqueid_8528 x Kenya,1
uniqueid_8529 x Kenya,0
uniqueid_8530 x Kenya,1
uniqueid_8531 x Kenya,0
uniqueid_8532 x Kenya,0
uniqueid_8533 x Kenya,1
uniqueid_8534 x Kenya,0
uniqueid_8535 x Kenya,0
uniqueid_8536 x Kenya,0
uniqueid_8537 x Kenya,0
uniqueid_8538 x Kenya,0
uniqueid_8539 x Kenya,0
uniqueid_8540 x Kenya,0
uniqueid_8541 x Kenya,0
uniqueid_8542 x Kenya,0
uniqueid_8543 x Kenya,1
uniqueid_8544 x Kenya,0
uniqueid_8545 x Kenya,0
uniqueid_8546 x Kenya,0
uniqueid_8547 x Kenya,0
uniqueid_8548 x Kenya,1
uniqueid_8549 x Kenya,0
uniqueid_8550 x Kenya,0
uniqueid_8551 x Kenya,1
uniqueid_8552 x Kenya,0
uniqueid_8553 x Kenya,0
uniqueid_8554 x Kenya,0
uniqueid_8555 x Kenya,0
uniqueid_8556 x Kenya,0
uniqueid_8557 x Kenya,1
uniqueid_8558 x Kenya,0
uniqueid_8559 x Kenya,0
uniqueid_8560 x Kenya,1
uniqueid_8561 x Kenya,0
uniqueid_8562 x Kenya,0
uniqueid_8563 x Kenya,0
uniqueid_8564 x Kenya,0
uniqueid_8565 x Kenya,0
uniqueid_8566 x Kenya,0
uniqueid_8567 x Kenya,0
uniqueid_8568 x Kenya,0
uniqueid_8569 x Kenya,0
uniqueid_8570 x Kenya,0
uniqueid_8571 x Kenya,0
uniqueid_8572 x Kenya,0
uniqueid_8573 x Kenya,0
uniqueid_8574 x Kenya,0
uniqueid_8575 x Kenya,0
uniqueid_8576 x Kenya,0
uniqueid_8577 x Kenya,0
uniqueid_8578 x Kenya,0
uniqueid_8579 x Kenya,1
uniqueid_8580 x Kenya,0
uniqueid_8581 x Kenya,0
uniqueid_8582 x Kenya,0
uniqueid_8583 x Kenya,0
uniqueid_8584 x Kenya,0
uniqueid_8585 x Kenya,0
uniqueid_8586 x Kenya,0
uniqueid_8587 x Kenya,1
uniqueid_8588 x Kenya,1
uniqueid_8589 x Kenya,0
uniqueid_8590 x Kenya,0
uniqueid_8591 x Kenya,1
uniqueid_8592 x Kenya,0
uniqueid_8593 x Kenya,0
uniqueid_8594 x Kenya,1
uniqueid_8595 x Kenya,0
uniqueid_8596 x Kenya,0
uniqueid_8597 x Kenya,0
uniqueid_8598 x Kenya,0
uniqueid_8599 x Kenya,1
uniqueid_8600 x Kenya,0
uniqueid_8601 x Kenya,1
uniqueid_8602 x Kenya,0
uniqueid_8603 x Kenya,0
uniqueid_8604 x Kenya,0
uniqueid_8605 x Kenya,0
uniqueid_8606 x Kenya,0
uniqueid_8607 x Kenya,0
uniqueid_8608 x Kenya,0
uniqueid_8609 x Kenya,0
uniqueid_8610 x Kenya,0
uniqueid_8611 x Kenya,0
uniqueid_8612 x Kenya,0
uniqueid_8613 x Kenya,0
uniqueid_8614 x Kenya,1
uniqueid_8615 x Kenya,0
uniqueid_8616 x Kenya,0
uniqueid_8617 x Kenya,0
uniqueid_8618 x Kenya,0
uniqueid_8619 x Kenya,0
uniqueid_8620 x Kenya,0
uniqueid_8621 x Kenya,0
uniqueid_8622 x Kenya,0
uniqueid_8623 x Kenya,0
uniqueid_8624 x Kenya,0
uniqueid_8625 x Kenya,0
uniqueid_8626 x Kenya,0
uniqueid_8627 x Kenya,0
uniqueid_8628 x Kenya,1
uniqueid_8629 x Kenya,0
uniqueid_8630 x Kenya,0
uniqueid_8631 x Kenya,0
uniqueid_8632 x Kenya,0
uniqueid_8633 x Kenya,0
uniqueid_8634 x Kenya,0
uniqueid_8635 x Kenya,0
uniqueid_8636 x Kenya,0
uniqueid_8637 x Kenya,0
uniqueid_8638 x Kenya,1
uniqueid_8639 x Kenya,0
uniqueid_8640 x Kenya,0
uniqueid_8641 x Kenya,0
uniqueid_8642 x Kenya,0
uniqueid_8643 x Kenya,0
uniqueid_8644 x Kenya,0
uniqueid_8645 x Kenya,1
uniqueid_8646 x Kenya,0
uniqueid_8647 x Kenya,0
uniqueid_8648 x Kenya,1
uniqueid_8649 x Kenya,0
uniqueid_8650 x Kenya,0
uniqueid_8651 x Kenya,0
uniqueid_8652 x Kenya,0
uniqueid_8653 x Kenya,0
uniqueid_8654 x Kenya,1
uniqueid_8655 x Kenya,0
uniqueid_8656 x Kenya,1
uniqueid_8657 x Kenya,0
uniqueid_8658 x Kenya,1
uniqueid_8659 x Kenya,0
uniqueid_8660 x Kenya,0
uniqueid_8661 x Kenya,0
uniqueid_8662 x Kenya,0
uniqueid_8663 x Kenya,0
uniqueid_8664 x Kenya,0
uniqueid_8665 x Kenya,0
uniqueid_8666 x Kenya,0
uniqueid_8667 x Kenya,1
uniqueid_8668 x Kenya,0
uniqueid_8669 x Kenya,1
uniqueid_8535 x Rwanda,0
uniqueid_8547 x Rwanda,0
uniqueid_8565 x Rwanda,0
uniqueid_8585 x Rwanda,0
uniqueid_8592 x Rwanda,0
uniqueid_8605 x Rwanda,0
uniqueid_8612 x Rwanda,0
uniqueid_8620 x Rwanda,0
uniqueid_8627 x Rwanda,0
uniqueid_8628 x Rwanda,0
uniqueid_8633 x Rwanda,0
uniqueid_8637 x Rwanda,0
uniqueid_8650 x Rwanda,0
uniqueid_8664 x Rwanda,0
uniqueid_8666 x Rwanda,0
uniqueid_8670 x Rwanda,0
uniqueid_8672 x Rwanda,0
uniqueid_8694 x Rwanda,0
uniqueid_8705 x Rwanda,0
uniqueid_8715 x Rwanda,0
uniqueid_8717 x Rwanda,0
uniqueid_8739 x Rwanda,0
uniqueid_8742 x Rwanda,0
uniqueid_8746 x Rwanda,0
uniqueid_8760 x Rwanda,0
uniqueid_8761 x Rwanda,0
uniqueid_8762 x Rwanda,0
uniqueid_8763 x Rwanda,0
uniqueid_8764 x Rwanda,0
uniqueid_8765 x Rwanda,0
uniqueid_8766 x Rwanda,0
uniqueid_8767 x Rwanda,0
uniqueid_8768 x Rwanda,0
uniqueid_8769 x Rwanda,0
uniqueid_8770 x Rwanda,0
uniqueid_8771 x Rwanda,0
uniqueid_8772 x Rwanda,0
uniqueid_8773 x Rwanda,0
uniqueid_8774 x Rwanda,0
uniqueid_8775 x Rwanda,0
uniqueid_8776 x Rwanda,0
uniqueid_8777 x Rwanda,0
uniqueid_8778 x Rwanda,0
uniqueid_8779 x Rwanda,0
uniqueid_8780 x Rwanda,0
uniqueid_8781 x Rwanda,0
uniqueid_8782 x Rwanda,0
uniqueid_8783 x Rwanda,0
uniqueid_8784 x Rwanda,0
uniqueid_8785 x Rwanda,0
uniqueid_8786 x Rwanda,0
uniqueid_8787 x Rwanda,0
uniqueid_8788 x Rwanda,0
uniqueid_8789 x Rwanda,0
uniqueid_8790 x Rwanda,0
uniqueid_8791 x Rwanda,0
uniqueid_8792 x Rwanda,0
uniqueid_8793 x Rwanda,0
uniqueid_8794 x Rwanda,0
uniqueid_8795 x Rwanda,0
uniqueid_8796 x Rwanda,0
uniqueid_8797 x Rwanda,0
uniqueid_8798 x Rwanda,0
uniqueid_8799 x Rwanda,0
uniqueid_8800 x Rwanda,0
uniqueid_8801 x Rwanda,0
uniqueid_8802 x Rwanda,0
uniqueid_8803 x Rwanda,0
uniqueid_8804 x Rwanda,0
uniqueid_8805 x Rwanda,0
uniqueid_8806 x Rwanda,0
uniqueid_8807 x Rwanda,0
uniqueid_8808 x Rwanda,0
uniqueid_8809 x Rwanda,0
uniqueid_8810 x Rwanda,0
uniqueid_8811 x Rwanda,0
uniqueid_8812 x Rwanda,0
uniqueid_8813 x Rwanda,0
uniqueid_8814 x Rwanda,0
uniqueid_8815 x Rwanda,0
uniqueid_8816 x Rwanda,0
uniqueid_8817 x Rwanda,0
uniqueid_8818 x Rwanda,0
uniqueid_8819 x Rwanda,0
uniqueid_8820 x Rwanda,0
uniqueid_8821 x Rwanda,0
uniqueid_8822 x Rwanda,0
uniqueid_8823 x Rwanda,0
uniqueid_8824 x Rwanda,0
uniqueid_8825 x Rwanda,0
uniqueid_8826 x Rwanda,0
uniqueid_8827 x Rwanda,0
uniqueid_8828 x Rwanda,0
uniqueid_8829 x Rwanda,0
uniqueid_8830 x Rwanda,0
uniqueid_8831 x Rwanda,0
uniqueid_8832 x Rwanda,0
uniqueid_8833 x Rwanda,0
uniqueid_8834 x Rwanda,0
uniqueid_8835 x Rwanda,0
uniqueid_8836 x Rwanda,0
uniqueid_8837 x Rwanda,0
uniqueid_8838 x Rwanda,0
uniqueid_8839 x Rwanda,0
uniqueid_8840 x Rwanda,0
uniqueid_8841 x Rwanda,0
uniqueid_8842 x Rwanda,0
uniqueid_8843 x Rwanda,0
uniqueid_8844 x Rwanda,0
uniqueid_8845 x Rwanda,0
uniqueid_8846 x Rwanda,0
uniqueid_8847 x Rwanda,0
uniqueid_8848 x Rwanda,0
uniqueid_8849 x Rwanda,0
uniqueid_8850 x Rwanda,0
uniqueid_8851 x Rwanda,0
uniqueid_8852 x Rwanda,0
uniqueid_8853 x Rwanda,0
uniqueid_8854 x Rwanda,0
uniqueid_8855 x Rwanda,0
uniqueid_8856 x Rwanda,0
uniqueid_8857 x Rwanda,0
uniqueid_8858 x Rwanda,0
uniqueid_8859 x Rwanda,0
uniqueid_8860 x Rwanda,0
uniqueid_8861 x Rwanda,0
uniqueid_8862 x Rwanda,0
uniqueid_8863 x Rwanda,0
uniqueid_8864 x Rwanda,0
uniqueid_8865 x Rwanda,0
uniqueid_8866 x Rwanda,0
uniqueid_8867 x Rwanda,0
uniqueid_8868 x Rwanda,0
uniqueid_8869 x Rwanda,0
uniqueid_8870 x Rwanda,0
uniqueid_8871 x Rwanda,0
uniqueid_8872 x Rwanda,0
uniqueid_8873 x Rwanda,0
uniqueid_8874 x Rwanda,0
uniqueid_8875 x Rwanda,0
uniqueid_8876 x Rwanda,0
uniqueid_8877 x Rwanda,0
uniqueid_8878 x Rwanda,0
uniqueid_8879 x Rwanda,0
uniqueid_8880 x Rwanda,0
uniqueid_8881 x Rwanda,0
uniqueid_8882 x Rwanda,0
uniqueid_8883 x Rwanda,0
uniqueid_8884 x Rwanda,0
uniqueid_8885 x Rwanda,0
uniqueid_8886 x Rwanda,0
uniqueid_8887 x Rwanda,0
uniqueid_8888 x Rwanda,0
uniqueid_8889 x Rwanda,0
uniqueid_8890 x Rwanda,0
uniqueid_8891 x Rwanda,0
uniqueid_8892 x Rwanda,0
uniqueid_8893 x Rwanda,0
uniqueid_8894 x Rwanda,0
uniqueid_8895 x Rwanda,0
uniqueid_8896 x Rwanda,0
uniqueid_8897 x Rwanda,0
uniqueid_8898 x Rwanda,0
uniqueid_8899 x Rwanda,0
uniqueid_8900 x Rwanda,0
uniqueid_8901 x Rwanda,0
uniqueid_8902 x Rwanda,0
uniqueid_8903 x Rwanda,0
uniqueid_8904 x Rwanda,0
uniqueid_8905 x Rwanda,0
uniqueid_8906 x Rwanda,0
uniqueid_8907 x Rwanda,0
uniqueid_8908 x Rwanda,0
uniqueid_8909 x Rwanda,0
uniqueid_8910 x Rwanda,0
uniqueid_8911 x Rwanda,0
uniqueid_8912 x Rwanda,0
uniqueid_8913 x Rwanda,0
uniqueid_8914 x Rwanda,0
uniqueid_8915 x Rwanda,0
uniqueid_8916 x Rwanda,0
uniqueid_8917 x Rwanda,0
uniqueid_8918 x Rwanda,0
uniqueid_8919 x Rwanda,0
uniqueid_8920 x Rwanda,0
uniqueid_8921 x Rwanda,0
uniqueid_8922 x Rwanda,0
uniqueid_8923 x Rwanda,0
uniqueid_8924 x Rwanda,0
uniqueid_8925 x Rwanda,0
uniqueid_8926 x Rwanda,0
uniqueid_8927 x Rwanda,0
uniqueid_8928 x Rwanda,0
uniqueid_8929 x Rwanda,0
uniqueid_8930 x Rwanda,0
uniqueid_8931 x Rwanda,0
uniqueid_8932 x Rwanda,0
uniqueid_8933 x Rwanda,0
uniqueid_8934 x Rwanda,0
uniqueid_8935 x Rwanda,0
uniqueid_8936 x Rwanda,0
uniqueid_8937 x Rwanda,0
uniqueid_8938 x Rwanda,0
uniqueid_8939 x Rwanda,0
uniqueid_8940 x Rwanda,0
uniqueid_8941 x Rwanda,1
uniqueid_8942 x Rwanda,0
uniqueid_8943 x Rwanda,0
uniqueid_8944 x Rwanda,0
uniqueid_8945 x Rwanda,0
uniqueid_8946 x Rwanda,0
uniqueid_8947 x Rwanda,0
uniqueid_8948 x Rwanda,0
uniqueid_8949 x Rwanda,0
uniqueid_8950 x Rwanda,0
uniqueid_8951 x Rwanda,0
uniqueid_8952 x Rwanda,0
uniqueid_8953 x Rwanda,0
uniqueid_8954 x Rwanda,0
uniqueid_8955 x Rwanda,0
uniqueid_8956 x Rwanda,0
uniqueid_8957 x Rwanda,0
uniqueid_8958 x Rwanda,0
uniqueid_8959 x Rwanda,0
uniqueid_8960 x Rwanda,0
uniqueid_8961 x Rwanda,0
uniqueid_8962 x Rwanda,0
uniqueid_8963 x Rwanda,0
uniqueid_8964 x Rwanda,0
uniqueid_8965 x Rwanda,0
uniqueid_8966 x Rwanda,0
uniqueid_8967 x Rwanda,0
uniqueid_8968 x Rwanda,0
uniqueid_8969 x Rwanda,0
uniqueid_8970 x Rwanda,0
uniqueid_8971 x Rwanda,0
uniqueid_8972 x Rwanda,0
uniqueid_8973 x Rwanda,0
uniqueid_8974 x Rwanda,0
uniqueid_8975 x Rwanda,0
uniqueid_8976 x Rwanda,0
uniqueid_8977 x Rwanda,0
uniqueid_8978 x Rwanda,0
uniqueid_8979 x Rwanda,0
uniqueid_8980 x Rwanda,0
uniqueid_8981 x Rwanda,0
uniqueid_8982 x Rwanda,0
uniqueid_8983 x Rwanda,0
uniqueid_8984 x Rwanda,1
uniqueid_8985 x Rwanda,0
uniqueid_8986 x Rwanda,0
uniqueid_8987 x Rwanda,0
uniqueid_8988 x Rwanda,0
uniqueid_8989 x Rwanda,0
uniqueid_8990 x Rwanda,0
uniqueid_8991 x Rwanda,0
uniqueid_8992 x Rwanda,0
uniqueid_8993 x Rwanda,0
uniqueid_8994 x Rwanda,1
uniqueid_8995 x Rwanda,0
uniqueid_8996 x Rwanda,0
uniqueid_8997 x Rwanda,0
uniqueid_8998 x Rwanda,0
uniqueid_8999 x Rwanda,0
uniqueid_9000 x Rwanda,0
uniqueid_9001 x Rwanda,0
uniqueid_9002 x Rwanda,0
uniqueid_9003 x Rwanda,0
uniqueid_9004 x Rwanda,0
uniqueid_9005 x Rwanda,0
uniqueid_9006 x Rwanda,0
uniqueid_9007 x Rwanda,0
uniqueid_9008 x Rwanda,0
uniqueid_9009 x Rwanda,0
uniqueid_9010 x Rwanda,0
uniqueid_9011 x Rwanda,0
uniqueid_9012 x Rwanda,0
uniqueid_9013 x Rwanda,0
uniqueid_9014 x Rwanda,0
uniqueid_9015 x Rwanda,0
uniqueid_9016 x Rwanda,0
uniqueid_9017 x Rwanda,0
uniqueid_9018 x Rwanda,0
uniqueid_9019 x Rwanda,0
uniqueid_9020 x Rwanda,0
uniqueid_9021 x Rwanda,0
uniqueid_9022 x Rwanda,0
uniqueid_9023 x Rwanda,0
uniqueid_9024 x Rwanda,0
uniqueid_9025 x Rwanda,1
uniqueid_9026 x Rwanda,0
uniqueid_9027 x Rwanda,0
uniqueid_9028 x Rwanda,0
uniqueid_9029 x Rwanda,0
uniqueid_9030 x Rwanda,0
uniqueid_9031 x Rwanda,0
uniqueid_9032 x Rwanda,0
uniqueid_9033 x Rwanda,0
uniqueid_9034 x Rwanda,0
uniqueid_9035 x Rwanda,1
uniqueid_9036 x Rwanda,0
uniqueid_9037 x Rwanda,0
uniqueid_9038 x Rwanda,0
uniqueid_9039 x Rwanda,0
uniqueid_9040 x Rwanda,0
uniqueid_9041 x Rwanda,0
uniqueid_9042 x Rwanda,0
uniqueid_9043 x Rwanda,0
uniqueid_9044 x Rwanda,0
uniqueid_9045 x Rwanda,0
uniqueid_9046 x Rwanda,0
uniqueid_9047 x Rwanda,0
uniqueid_9048 x Rwanda,0
uniqueid_9049 x Rwanda,0
uniqueid_9050 x Rwanda,0
uniqueid_9051 x Rwanda,0
uniqueid_9052 x Rwanda,0
uniqueid_9053 x Rwanda,0
uniqueid_9054 x Rwanda,0
uniqueid_9055 x Rwanda,0
uniqueid_9056 x Rwanda,0
uniqueid_9057 x Rwanda,0
uniqueid_9058 x Rwanda,0
uniqueid_9059 x Rwanda,0
uniqueid_9060 x Rwanda,0
uniqueid_9061 x Rwanda,0
uniqueid_9062 x Rwanda,0
uniqueid_9063 x Rwanda,0
uniqueid_9064 x Rwanda,0
uniqueid_9065 x Rwanda,0
uniqueid_9066 x Rwanda,0
uniqueid_9067 x Rwanda,0
uniqueid_9068 x Rwanda,0
uniqueid_9069 x Rwanda,0
uniqueid_9070 x Rwanda,0
uniqueid_9071 x Rwanda,1
uniqueid_9072 x Rwanda,0
uniqueid_9073 x Rwanda,0
uniqueid_9074 x Rwanda,0
uniqueid_9075 x Rwanda,0
uniqueid_9076 x Rwanda,0
uniqueid_9077 x Rwanda,0
uniqueid_9078 x Rwanda,0
uniqueid_9079 x Rwanda,0
uniqueid_9080 x Rwanda,0
uniqueid_9081 x Rwanda,0
uniqueid_9082 x Rwanda,0
uniqueid_9083 x Rwanda,0
uniqueid_9084 x Rwanda,0
uniqueid_9085 x Rwanda,0
uniqueid_9086 x Rwanda,0
uniqueid_9087 x Rwanda,0
uniqueid_9088 x Rwanda,0
uniqueid_9089 x Rwanda,0
uniqueid_9090 x Rwanda,0
uniqueid_9091 x Rwanda,0
uniqueid_9092 x Rwanda,0
uniqueid_9093 x Rwanda,0
uniqueid_9094 x Rwanda,0
uniqueid_9095 x Rwanda,0
uniqueid_9096 x Rwanda,0
uniqueid_9097 x Rwanda,0
uniqueid_9098 x Rwanda,0
uniqueid_9099 x Rwanda,0
uniqueid_9100 x Rwanda,0
uniqueid_9101 x Rwanda,0
uniqueid_9102 x Rwanda,0
uniqueid_9103 x Rwanda,0
uniqueid_9104 x Rwanda,0
uniqueid_9105 x Rwanda,0
uniqueid_9106 x Rwanda,1
uniqueid_9107 x Rwanda,0
uniqueid_9108 x Rwanda,0
uniqueid_9109 x Rwanda,0
uniqueid_9110 x Rwanda,0
uniqueid_9111 x Rwanda,0
uniqueid_9112 x Rwanda,0
uniqueid_9113 x Rwanda,0
uniqueid_9114 x Rwanda,0
uniqueid_9115 x Rwanda,0
uniqueid_9116 x Rwanda,0
uniqueid_9117 x Rwanda,0
uniqueid_9118 x Rwanda,0
uniqueid_9119 x Rwanda,0
uniqueid_9120 x Rwanda,0
uniqueid_9121 x Rwanda,0
uniqueid_9122 x Rwanda,0
uniqueid_9123 x Rwanda,0
uniqueid_9124 x Rwanda,0
uniqueid_9125 x Rwanda,0
uniqueid_9126 x Rwanda,0
uniqueid_9127 x Rwanda,0
uniqueid_9128 x Rwanda,0
uniqueid_9129 x Rwanda,0
uniqueid_9130 x Rwanda,0
uniqueid_9131 x Rwanda,0
uniqueid_9132 x Rwanda,0
uniqueid_9133 x Rwanda,0
uniqueid_9134 x Rwanda,0
uniqueid_9135 x Rwanda,0
uniqueid_9136 x Rwanda,0
uniqueid_9137 x Rwanda,0
uniqueid_9138 x Rwanda,0
uniqueid_9139 x Rwanda,0
uniqueid_9140 x Rwanda,0
uniqueid_9141 x Rwanda,0
uniqueid_9142 x Rwanda,0
uniqueid_9143 x Rwanda,0
uniqueid_9144 x Rwanda,0
uniqueid_9145 x Rwanda,0
uniqueid_9146 x Rwanda,0
uniqueid_9147 x Rwanda,0
uniqueid_9148 x Rwanda,0
uniqueid_9149 x Rwanda,0
uniqueid_9150 x Rwanda,0
uniqueid_9151 x Rwanda,0
uniqueid_9152 x Rwanda,0
uniqueid_9153 x Rwanda,0
uniqueid_9154 x Rwanda,0
uniqueid_9155 x Rwanda,0
uniqueid_9156 x Rwanda,0
uniqueid_9157 x Rwanda,0
uniqueid_9158 x Rwanda,0
uniqueid_9159 x Rwanda,1
uniqueid_9160 x Rwanda,0
uniqueid_9161 x Rwanda,0
uniqueid_9162 x Rwanda,0
uniqueid_9163 x Rwanda,0
uniqueid_9164 x Rwanda,0
uniqueid_9165 x Rwanda,0
uniqueid_9166 x Rwanda,0
uniqueid_9167 x Rwanda,0
uniqueid_9168 x Rwanda,0
uniqueid_9169 x Rwanda,0
uniqueid_9170 x Rwanda,0
uniqueid_9171 x Rwanda,0
uniqueid_9172 x Rwanda,0
uniqueid_9173 x Rwanda,0
uniqueid_9174 x Rwanda,0
uniqueid_9175 x Rwanda,0
uniqueid_9176 x Rwanda,0
uniqueid_9177 x Rwanda,0
uniqueid_9178 x Rwanda,0
uniqueid_9179 x Rwanda,0
uniqueid_9180 x Rwanda,0
uniqueid_9181 x Rwanda,0
uniqueid_9182 x Rwanda,0
uniqueid_9183 x Rwanda,0
uniqueid_9184 x Rwanda,0
uniqueid_9185 x Rwanda,0
uniqueid_9186 x Rwanda,0
uniqueid_9187 x Rwanda,0
uniqueid_9188 x Rwanda,0
uniqueid_9189 x Rwanda,0
uniqueid_9190 x Rwanda,0
uniqueid_9191 x Rwanda,0
uniqueid_9192 x Rwanda,0
uniqueid_9193 x Rwanda,0
uniqueid_9194 x Rwanda,0
uniqueid_9195 x Rwanda,0
uniqueid_9196 x Rwanda,0
uniqueid_9197 x Rwanda,0
uniqueid_9198 x Rwanda,0
uniqueid_9199 x Rwanda,0
uniqueid_9200 x Rwanda,0
uniqueid_9201 x Rwanda,0
uniqueid_9202 x Rwanda,0
uniqueid_9203 x Rwanda,0
uniqueid_9204 x Rwanda,0
uniqueid_9205 x Rwanda,0
uniqueid_9206 x Rwanda,0
uniqueid_9207 x Rwanda,0
uniqueid_9208 x Rwanda,0
uniqueid_9209 x Rwanda,0
uniqueid_9210 x Rwanda,0
uniqueid_9211 x Rwanda,0
uniqueid_9212 x Rwanda,0
uniqueid_9213 x Rwanda,0
uniqueid_9214 x Rwanda,0
uniqueid_9215 x Rwanda,0
uniqueid_9216 x Rwanda,0
uniqueid_9217 x Rwanda,0
uniqueid_9218 x Rwanda,0
uniqueid_9219 x Rwanda,0
uniqueid_9220 x Rwanda,0
uniqueid_9221 x Rwanda,0
uniqueid_9222 x Rwanda,0
uniqueid_9223 x Rwanda,0
uniqueid_9224 x Rwanda,0
uniqueid_9225 x Rwanda,0
uniqueid_9226 x Rwanda,0
uniqueid_9227 x Rwanda,0
uniqueid_9228 x Rwanda,0
uniqueid_9229 x Rwanda,0
uniqueid_9230 x Rwanda,0
uniqueid_9231 x Rwanda,0
uniqueid_9232 x Rwanda,0
uniqueid_9233 x Rwanda,0
uniqueid_9234 x Rwanda,0
uniqueid_9235 x Rwanda,0
uniqueid_9236 x Rwanda,0
uniqueid_9237 x Rwanda,0
uniqueid_9238 x Rwanda,0
uniqueid_9239 x Rwanda,0
uniqueid_9240 x Rwanda,0
uniqueid_9241 x Rwanda,0
uniqueid_9242 x Rwanda,0
uniqueid_9243 x Rwanda,0
uniqueid_9244 x Rwanda,0
uniqueid_9245 x Rwanda,0
uniqueid_9246 x Rwanda,0
uniqueid_9247 x Rwanda,0
uniqueid_9248 x Rwanda,0
uniqueid_9249 x Rwanda,0
uniqueid_9250 x Rwanda,0
uniqueid_9251 x Rwanda,0
uniqueid_9252 x Rwanda,0
uniqueid_9253 x Rwanda,0
uniqueid_9254 x Rwanda,0
uniqueid_9255 x Rwanda,0
uniqueid_9256 x Rwanda,0
uniqueid_9257 x Rwanda,0
uniqueid_9258 x Rwanda,0
uniqueid_9259 x Rwanda,0
uniqueid_9260 x Rwanda,0
uniqueid_9261 x Rwanda,1
uniqueid_9262 x Rwanda,0
uniqueid_9263 x Rwanda,0
uniqueid_9264 x Rwanda,0
uniqueid_9265 x Rwanda,0
uniqueid_9266 x Rwanda,0
uniqueid_9267 x Rwanda,0
uniqueid_9268 x Rwanda,0
uniqueid_9269 x Rwanda,0
uniqueid_9270 x Rwanda,0
uniqueid_9271 x Rwanda,0
uniqueid_9272 x Rwanda,0
uniqueid_9273 x Rwanda,0
uniqueid_9274 x Rwanda,0
uniqueid_9275 x Rwanda,0
uniqueid_9276 x Rwanda,0
uniqueid_9277 x Rwanda,0
uniqueid_9278 x Rwanda,0
uniqueid_9279 x Rwanda,0
uniqueid_9280 x Rwanda,0
uniqueid_9281 x Rwanda,0
uniqueid_9282 x Rwanda,0
uniqueid_9283 x Rwanda,0
uniqueid_9284 x Rwanda,0
uniqueid_9285 x Rwanda,0
uniqueid_9286 x Rwanda,0
uniqueid_9287 x Rwanda,0
uniqueid_9288 x Rwanda,0
uniqueid_9289 x Rwanda,0
uniqueid_9290 x Rwanda,0
uniqueid_9291 x Rwanda,0
uniqueid_9292 x Rwanda,0
uniqueid_9293 x Rwanda,0
uniqueid_9294 x Rwanda,0
uniqueid_9295 x Rwanda,0
uniqueid_9296 x Rwanda,0
uniqueid_9297 x Rwanda,0
uniqueid_9298 x Rwanda,0
uniqueid_9299 x Rwanda,0
uniqueid_9300 x Rwanda,0
uniqueid_9301 x Rwanda,0
uniqueid_9302 x Rwanda,0
uniqueid_9303 x Rwanda,0
uniqueid_9304 x Rwanda,0
uniqueid_9305 x Rwanda,0
uniqueid_9306 x Rwanda,0
uniqueid_9307 x Rwanda,0
uniqueid_9308 x Rwanda,0
uniqueid_9309 x Rwanda,0
uniqueid_9310 x Rwanda,0
uniqueid_9311 x Rwanda,0
uniqueid_9312 x Rwanda,0
uniqueid_9313 x Rwanda,0
uniqueid_9314 x Rwanda,0
uniqueid_9315 x Rwanda,0
uniqueid_9316 x Rwanda,0
uniqueid_9317 x Rwanda,0
uniqueid_9318 x Rwanda,0
uniqueid_9319 x Rwanda,0
uniqueid_9320 x Rwanda,0
uniqueid_9321 x Rwanda,0
uniqueid_9322 x Rwanda,0
uniqueid_9323 x Rwanda,0
uniqueid_9324 x Rwanda,0
uniqueid_9325 x Rwanda,0
uniqueid_9326 x Rwanda,0
uniqueid_9327 x Rwanda,0
uniqueid_9328 x Rwanda,0
uniqueid_9329 x Rwanda,0
uniqueid_9330 x Rwanda,0
uniqueid_9331 x Rwanda,0
uniqueid_9332 x Rwanda,0
uniqueid_9333 x Rwanda,0
uniqueid_9334 x Rwanda,0
uniqueid_9335 x Rwanda,0
uniqueid_9336 x Rwanda,0
uniqueid_9337 x Rwanda,0
uniqueid_9338 x Rwanda,0
uniqueid_9339 x Rwanda,0
uniqueid_9340 x Rwanda,0
uniqueid_9341 x Rwanda,0
uniqueid_9342 x Rwanda,0
uniqueid_9343 x Rwanda,0
uniqueid_9344 x Rwanda,0
uniqueid_9345 x Rwanda,0
uniqueid_9346 x Rwanda,0
uniqueid_9347 x Rwanda,0
uniqueid_9348 x Rwanda,0
uniqueid_9349 x Rwanda,0
uniqueid_9350 x Rwanda,0
uniqueid_9351 x Rwanda,0
uniqueid_9352 x Rwanda,0
uniqueid_9353 x Rwanda,0
uniqueid_9354 x Rwanda,0
uniqueid_9355 x Rwanda,0
uniqueid_9356 x Rwanda,0
uniqueid_9357 x Rwanda,0
uniqueid_9358 x Rwanda,0
uniqueid_9359 x Rwanda,0
uniqueid_9360 x Rwanda,0
uniqueid_9361 x Rwanda,0
uniqueid_9362 x Rwanda,0
uniqueid_9363 x Rwanda,0
uniqueid_9364 x Rwanda,0
uniqueid_9365 x Rwanda,0
uniqueid_9366 x Rwanda,0
uniqueid_9367 x Rwanda,0
uniqueid_9368 x Rwanda,0
uniqueid_9369 x Rwanda,0
uniqueid_9370 x Rwanda,0
uniqueid_9371 x Rwanda,0
uniqueid_9372 x Rwanda,0
uniqueid_9373 x Rwanda,0
uniqueid_9374 x Rwanda,0
uniqueid_9375 x Rwanda,0
uniqueid_9376 x Rwanda,0
uniqueid_9377 x Rwanda,0
uniqueid_9378 x Rwanda,0
uniqueid_9379 x Rwanda,0
uniqueid_9380 x Rwanda,0
uniqueid_9381 x Rwanda,0
uniqueid_9382 x Rwanda,0
uniqueid_9383 x Rwanda,0
uniqueid_9384 x Rwanda,0
uniqueid_9385 x Rwanda,0
uniqueid_9386 x Rwanda,0
uniqueid_9387 x Rwanda,0
uniqueid_9388 x Rwanda,0
uniqueid_9389 x Rwanda,0
uniqueid_9390 x Rwanda,0
uniqueid_9391 x Rwanda,0
uniqueid_9392 x Rwanda,0
uniqueid_9393 x Rwanda,0
uniqueid_9394 x Rwanda,0
uniqueid_9395 x Rwanda,0
uniqueid_9396 x Rwanda,0
uniqueid_9397 x Rwanda,0
uniqueid_9398 x Rwanda,0
uniqueid_9399 x Rwanda,0
uniqueid_9400 x Rwanda,0
uniqueid_9401 x Rwanda,0
uniqueid_9402 x Rwanda,0
uniqueid_9403 x Rwanda,0
uniqueid_9404 x Rwanda,0
uniqueid_9405 x Rwanda,0
uniqueid_9406 x Rwanda,0
uniqueid_9407 x Rwanda,0
uniqueid_9408 x Rwanda,0
uniqueid_9409 x Rwanda,0
uniqueid_9410 x Rwanda,0
uniqueid_9411 x Rwanda,0
uniqueid_9412 x Rwanda,0
uniqueid_9413 x Rwanda,0
uniqueid_9414 x Rwanda,0
uniqueid_9415 x Rwanda,0
uniqueid_9416 x Rwanda,0
uniqueid_9417 x Rwanda,0
uniqueid_9418 x Rwanda,0
uniqueid_9419 x Rwanda,0
uniqueid_9420 x Rwanda,0
uniqueid_9421 x Rwanda,0
uniqueid_9422 x Rwanda,0
uniqueid_9423 x Rwanda,0
uniqueid_9424 x Rwanda,0
uniqueid_9425 x Rwanda,0
uniqueid_9426 x Rwanda,0
uniqueid_9427 x Rwanda,0
uniqueid_9428 x Rwanda,0
uniqueid_9429 x Rwanda,0
uniqueid_9430 x Rwanda,0
uniqueid_9431 x Rwanda,0
uniqueid_9432 x Rwanda,0
uniqueid_9433 x Rwanda,0
uniqueid_9434 x Rwanda,0
uniqueid_9435 x Rwanda,0
uniqueid_9436 x Rwanda,0
uniqueid_9437 x Rwanda,0
uniqueid_9438 x Rwanda,0
uniqueid_9439 x Rwanda,0
uniqueid_9440 x Rwanda,0
uniqueid_9441 x Rwanda,0
uniqueid_9442 x Rwanda,0
uniqueid_9443 x Rwanda,0
uniqueid_9444 x Rwanda,0
uniqueid_9445 x Rwanda,0
uniqueid_9446 x Rwanda,0
uniqueid_9447 x Rwanda,0
uniqueid_9448 x Rwanda,0
uniqueid_9449 x Rwanda,0
uniqueid_9450 x Rwanda,0
uniqueid_9451 x Rwanda,0
uniqueid_9452 x Rwanda,0
uniqueid_9453 x Rwanda,1
uniqueid_9454 x Rwanda,0
uniqueid_9455 x Rwanda,0
uniqueid_9456 x Rwanda,0
uniqueid_9457 x Rwanda,0
uniqueid_9458 x Rwanda,0
uniqueid_9459 x Rwanda,0
uniqueid_9460 x Rwanda,0
uniqueid_9461 x Rwanda,0
uniqueid_9462 x Rwanda,0
uniqueid_9463 x Rwanda,0
uniqueid_9464 x Rwanda,0
uniqueid_9465 x Rwanda,0
uniqueid_9466 x Rwanda,0
uniqueid_9467 x Rwanda,0
uniqueid_9468 x Rwanda,0
uniqueid_9469 x Rwanda,0
uniqueid_9470 x Rwanda,0
uniqueid_9471 x Rwanda,0
uniqueid_9472 x Rwanda,0
uniqueid_9473 x Rwanda,0
uniqueid_9474 x Rwanda,0
uniqueid_9475 x Rwanda,0
uniqueid_9476 x Rwanda,0
uniqueid_9477 x Rwanda,0
uniqueid_9478 x Rwanda,0
uniqueid_9479 x Rwanda,0
uniqueid_9480 x Rwanda,0
uniqueid_9481 x Rwanda,0
uniqueid_9482 x Rwanda,0
uniqueid_9483 x Rwanda,0
uniqueid_9484 x Rwanda,0
uniqueid_9485 x Rwanda,0
uniqueid_9486 x Rwanda,0
uniqueid_9487 x Rwanda,0
uniqueid_9488 x Rwanda,0
uniqueid_9489 x Rwanda,0
uniqueid_9490 x Rwanda,0
uniqueid_9491 x Rwanda,0
uniqueid_9492 x Rwanda,0
uniqueid_9493 x Rwanda,0
uniqueid_9494 x Rwanda,0
uniqueid_9495 x Rwanda,0
uniqueid_9496 x Rwanda,0
uniqueid_9497 x Rwanda,0
uniqueid_9498 x Rwanda,0
uniqueid_9499 x Rwanda,0
uniqueid_9500 x Rwanda,0
uniqueid_9501 x Rwanda,0
uniqueid_9502 x Rwanda,0
uniqueid_9503 x Rwanda,0
uniqueid_9504 x Rwanda,0
uniqueid_9505 x Rwanda,0
uniqueid_9506 x Rwanda,0
uniqueid_9507 x Rwanda,0
uniqueid_9508 x Rwanda,0
uniqueid_9509 x Rwanda,0
uniqueid_9510 x Rwanda,0
uniqueid_9511 x Rwanda,0
uniqueid_9512 x Rwanda,0
uniqueid_9513 x Rwanda,0
uniqueid_9514 x Rwanda,0
uniqueid_9515 x Rwanda,0
uniqueid_9516 x Rwanda,0
uniqueid_9517 x Rwanda,0
uniqueid_9518 x Rwanda,0
uniqueid_9519 x Rwanda,0
uniqueid_9520 x Rwanda,0
uniqueid_9521 x Rwanda,0
uniqueid_9522 x Rwanda,0
uniqueid_9523 x Rwanda,0
uniqueid_9524 x Rwanda,0
uniqueid_9525 x Rwanda,0
uniqueid_9526 x Rwanda,1
uniqueid_9527 x Rwanda,0
uniqueid_9528 x Rwanda,0
uniqueid_9529 x Rwanda,0
uniqueid_9530 x Rwanda,0
uniqueid_9531 x Rwanda,0
uniqueid_9532 x Rwanda,0
uniqueid_9533 x Rwanda,0
uniqueid_9534 x Rwanda,0
uniqueid_9535 x Rwanda,0
uniqueid_9536 x Rwanda,0
uniqueid_9537 x Rwanda,0
uniqueid_9538 x Rwanda,0
uniqueid_9539 x Rwanda,0
uniqueid_9540 x Rwanda,0
uniqueid_9541 x Rwanda,0
uniqueid_9542 x Rwanda,0
uniqueid_9543 x Rwanda,0
uniqueid_9544 x Rwanda,0
uniqueid_9545 x Rwanda,0
uniqueid_9546 x Rwanda,0
uniqueid_9547 x Rwanda,0
uniqueid_9548 x Rwanda,0
uniqueid_9549 x Rwanda,0
uniqueid_9550 x Rwanda,0
uniqueid_9551 x Rwanda,0
uniqueid_9552 x Rwanda,0
uniqueid_9553 x Rwanda,0
uniqueid_9554 x Rwanda,0
uniqueid_9555 x Rwanda,0
uniqueid_9556 x Rwanda,0
uniqueid_9557 x Rwanda,0
uniqueid_9558 x Rwanda,0
uniqueid_9559 x Rwanda,0
uniqueid_9560 x Rwanda,0
uniqueid_9561 x Rwanda,0
uniqueid_9562 x Rwanda,0
uniqueid_9563 x Rwanda,0
uniqueid_9564 x Rwanda,0
uniqueid_9565 x Rwanda,0
uniqueid_9566 x Rwanda,0
uniqueid_9567 x Rwanda,0
uniqueid_9568 x Rwanda,0
uniqueid_9569 x Rwanda,0
uniqueid_9570 x Rwanda,0
uniqueid_9571 x Rwanda,0
uniqueid_9572 x Rwanda,0
uniqueid_9573 x Rwanda,0
uniqueid_9574 x Rwanda,0
uniqueid_9575 x Rwanda,0
uniqueid_9576 x Rwanda,0
uniqueid_9577 x Rwanda,0
uniqueid_9578 x Rwanda,0
uniqueid_9579 x Rwanda,0
uniqueid_9580 x Rwanda,0
uniqueid_9581 x Rwanda,0
uniqueid_9582 x Rwanda,0
uniqueid_9583 x Rwanda,0
uniqueid_9584 x Rwanda,0
uniqueid_9585 x Rwanda,0
uniqueid_9586 x Rwanda,0
uniqueid_9587 x Rwanda,0
uniqueid_9588 x Rwanda,0
uniqueid_9589 x Rwanda,0
uniqueid_9590 x Rwanda,0
uniqueid_9591 x Rwanda,0
uniqueid_9592 x Rwanda,0
uniqueid_9593 x Rwanda,0
uniqueid_9594 x Rwanda,0
uniqueid_9595 x Rwanda,0
uniqueid_9596 x Rwanda,0
uniqueid_9597 x Rwanda,0
uniqueid_9598 x Rwanda,0
uniqueid_9599 x Rwanda,0
uniqueid_9600 x Rwanda,0
uniqueid_9601 x Rwanda,0
uniqueid_9602 x Rwanda,0
uniqueid_9603 x Rwanda,0
uniqueid_9604 x Rwanda,0
uniqueid_9605 x Rwanda,0
uniqueid_9606 x Rwanda,0
uniqueid_9607 x Rwanda,0
uniqueid_9608 x Rwanda,0
uniqueid_9609 x Rwanda,0
uniqueid_9610 x Rwanda,0
uniqueid_9611 x Rwanda,0
uniqueid_9612 x Rwanda,0
uniqueid_9613 x Rwanda,0
uniqueid_9614 x Rwanda,0
uniqueid_9615 x Rwanda,0
uniqueid_9616 x Rwanda,0
uniqueid_9617 x Rwanda,0
uniqueid_9618 x Rwanda,0
uniqueid_9619 x Rwanda,0
uniqueid_9620 x Rwanda,0
uniqueid_9621 x Rwanda,0
uniqueid_9622 x Rwanda,0
uniqueid_9623 x Rwanda,0
uniqueid_9624 x Rwanda,0
uniqueid_9625 x Rwanda,0
uniqueid_9626 x Rwanda,0
uniqueid_9627 x Rwanda,0
uniqueid_9628 x Rwanda,0
uniqueid_9629 x Rwanda,0
uniqueid_9630 x Rwanda,0
uniqueid_9631 x Rwanda,0
uniqueid_9632 x Rwanda,0
uniqueid_9633 x Rwanda,0
uniqueid_9634 x Rwanda,0
uniqueid_9635 x Rwanda,0
uniqueid_9636 x Rwanda,0
uniqueid_9637 x Rwanda,0
uniqueid_9638 x Rwanda,0
uniqueid_9639 x Rwanda,0
uniqueid_9640 x Rwanda,0
uniqueid_9641 x Rwanda,0
uniqueid_9642 x Rwanda,0
uniqueid_9643 x Rwanda,0
uniqueid_9644 x Rwanda,0
uniqueid_9645 x Rwanda,0
uniqueid_9646 x Rwanda,0
uniqueid_9647 x Rwanda,0
uniqueid_9648 x Rwanda,0
uniqueid_9649 x Rwanda,0
uniqueid_9650 x Rwanda,0
uniqueid_9651 x Rwanda,0
uniqueid_9652 x Rwanda,0
uniqueid_9653 x Rwanda,0
uniqueid_9654 x Rwanda,0
uniqueid_9655 x Rwanda,0
uniqueid_9656 x Rwanda,0
uniqueid_9657 x Rwanda,0
uniqueid_9658 x Rwanda,0
uniqueid_9659 x Rwanda,0
uniqueid_9660 x Rwanda,0
uniqueid_9661 x Rwanda,0
uniqueid_9662 x Rwanda,0
uniqueid_9663 x Rwanda,0
uniqueid_9664 x Rwanda,0
uniqueid_9665 x Rwanda,0
uniqueid_9666 x Rwanda,0
uniqueid_9667 x Rwanda,0
uniqueid_9668 x Rwanda,0
uniqueid_9669 x Rwanda,0
uniqueid_9670 x Rwanda,0
uniqueid_9671 x Rwanda,0
uniqueid_9672 x Rwanda,0
uniqueid_9673 x Rwanda,0
uniqueid_9674 x Rwanda,0
uniqueid_9675 x Rwanda,0
uniqueid_9676 x Rwanda,0
uniqueid_9677 x Rwanda,0
uniqueid_9678 x Rwanda,0
uniqueid_9679 x Rwanda,0
uniqueid_9680 x Rwanda,0
uniqueid_9681 x Rwanda,0
uniqueid_9682 x Rwanda,0
uniqueid_9683 x Rwanda,0
uniqueid_9684 x Rwanda,0
uniqueid_9685 x Rwanda,0
uniqueid_9686 x Rwanda,0
uniqueid_9687 x Rwanda,0
uniqueid_9688 x Rwanda,0
uniqueid_9689 x Rwanda,0
uniqueid_9690 x Rwanda,0
uniqueid_9691 x Rwanda,0
uniqueid_9692 x Rwanda,0
uniqueid_9693 x Rwanda,0
uniqueid_9694 x Rwanda,0
uniqueid_9695 x Rwanda,0
uniqueid_9696 x Rwanda,0
uniqueid_9697 x Rwanda,0
uniqueid_9698 x Rwanda,0
uniqueid_9699 x Rwanda,0
uniqueid_9700 x Rwanda,0
uniqueid_9701 x Rwanda,0
uniqueid_9702 x Rwanda,0
uniqueid_9703 x Rwanda,0
uniqueid_9704 x Rwanda,0
uniqueid_9705 x Rwanda,0
uniqueid_9706 x Rwanda,0
uniqueid_9707 x Rwanda,0
uniqueid_9708 x Rwanda,0
uniqueid_9709 x Rwanda,0
uniqueid_9710 x Rwanda,0
uniqueid_9711 x Rwanda,0
uniqueid_9712 x Rwanda,0
uniqueid_9713 x Rwanda,0
uniqueid_9714 x Rwanda,0
uniqueid_9715 x Rwanda,0
uniqueid_9716 x Rwanda,0
uniqueid_9717 x Rwanda,0
uniqueid_9718 x Rwanda,0
uniqueid_9719 x Rwanda,0
uniqueid_9720 x Rwanda,0
uniqueid_9721 x Rwanda,0
uniqueid_9722 x Rwanda,0
uniqueid_9723 x Rwanda,0
uniqueid_9724 x Rwanda,0
uniqueid_9725 x Rwanda,0
uniqueid_9726 x Rwanda,0
uniqueid_9727 x Rwanda,0
uniqueid_9728 x Rwanda,1
uniqueid_9729 x Rwanda,0
uniqueid_9730 x Rwanda,0
uniqueid_9731 x Rwanda,0
uniqueid_9732 x Rwanda,0
uniqueid_9733 x Rwanda,0
uniqueid_9734 x Rwanda,0
uniqueid_9735 x Rwanda,0
uniqueid_9736 x Rwanda,0
uniqueid_9737 x Rwanda,0
uniqueid_9738 x Rwanda,0
uniqueid_9739 x Rwanda,0
uniqueid_9740 x Rwanda,0
uniqueid_9741 x Rwanda,0
uniqueid_9742 x Rwanda,0
uniqueid_9743 x Rwanda,0
uniqueid_9744 x Rwanda,0
uniqueid_9745 x Rwanda,0
uniqueid_9746 x Rwanda,0
uniqueid_9747 x Rwanda,0
uniqueid_9748 x Rwanda,0
uniqueid_9749 x Rwanda,0
uniqueid_9750 x Rwanda,0
uniqueid_9751 x Rwanda,0
uniqueid_9752 x Rwanda,0
uniqueid_9753 x Rwanda,0
uniqueid_9754 x Rwanda,0
uniqueid_9755 x Rwanda,0
uniqueid_9756 x Rwanda,0
uniqueid_9757 x Rwanda,0
uniqueid_9758 x Rwanda,0
uniqueid_9759 x Rwanda,0
uniqueid_9760 x Rwanda,0
uniqueid_9761 x Rwanda,0
uniqueid_9762 x Rwanda,0
uniqueid_9763 x Rwanda,0
uniqueid_9764 x Rwanda,0
uniqueid_9765 x Rwanda,0
uniqueid_9766 x Rwanda,0
uniqueid_9767 x Rwanda,0
uniqueid_9768 x Rwanda,0
uniqueid_9769 x Rwanda,0
uniqueid_9770 x Rwanda,0
uniqueid_9771 x Rwanda,0
uniqueid_9772 x Rwanda,0
uniqueid_9773 x Rwanda,0
uniqueid_9774 x Rwanda,0
uniqueid_9775 x Rwanda,0
uniqueid_9776 x Rwanda,0
uniqueid_9777 x Rwanda,0
uniqueid_9778 x Rwanda,0
uniqueid_9779 x Rwanda,0
uniqueid_9780 x Rwanda,0
uniqueid_9781 x Rwanda,0
uniqueid_9782 x Rwanda,0
uniqueid_9783 x Rwanda,0
uniqueid_9784 x Rwanda,0
uniqueid_9785 x Rwanda,0
uniqueid_9786 x Rwanda,0
uniqueid_9787 x Rwanda,0
uniqueid_9788 x Rwanda,0
uniqueid_9789 x Rwanda,0
uniqueid_9790 x Rwanda,0
uniqueid_9791 x Rwanda,0
uniqueid_9792 x Rwanda,0
uniqueid_9793 x Rwanda,0
uniqueid_9794 x Rwanda,0
uniqueid_9795 x Rwanda,0
uniqueid_9796 x Rwanda,0
uniqueid_9797 x Rwanda,0
uniqueid_9798 x Rwanda,0
uniqueid_9799 x Rwanda,0
uniqueid_9800 x Rwanda,0
uniqueid_9801 x Rwanda,0
uniqueid_9802 x Rwanda,0
uniqueid_9803 x Rwanda,0
uniqueid_9804 x Rwanda,0
uniqueid_9805 x Rwanda,0
uniqueid_9806 x Rwanda,0
uniqueid_9807 x Rwanda,0
uniqueid_9808 x Rwanda,0
uniqueid_9809 x Rwanda,0
uniqueid_9810 x Rwanda,0
uniqueid_9811 x Rwanda,0
uniqueid_9812 x Rwanda,0
uniqueid_9813 x Rwanda,0
uniqueid_9814 x Rwanda,0
uniqueid_9815 x Rwanda,0
uniqueid_9816 x Rwanda,1
uniqueid_9817 x Rwanda,0
uniqueid_9818 x Rwanda,0
uniqueid_9819 x Rwanda,0
uniqueid_9820 x Rwanda,0
uniqueid_9821 x Rwanda,0
uniqueid_9822 x Rwanda,0
uniqueid_9823 x Rwanda,0
uniqueid_9824 x Rwanda,0
uniqueid_9825 x Rwanda,0
uniqueid_9826 x Rwanda,0
uniqueid_9827 x Rwanda,0
uniqueid_9828 x Rwanda,0
uniqueid_9829 x Rwanda,0
uniqueid_9830 x Rwanda,0
uniqueid_9831 x Rwanda,0
uniqueid_9832 x Rwanda,0
uniqueid_9833 x Rwanda,0
uniqueid_9834 x Rwanda,0
uniqueid_9835 x Rwanda,0
uniqueid_9836 x Rwanda,0
uniqueid_9837 x Rwanda,0
uniqueid_9838 x Rwanda,0
uniqueid_9839 x Rwanda,0
uniqueid_9840 x Rwanda,0
uniqueid_9841 x Rwanda,0
uniqueid_9842 x Rwanda,0
uniqueid_9843 x Rwanda,0
uniqueid_9844 x Rwanda,0
uniqueid_9845 x Rwanda,0
uniqueid_9846 x Rwanda,0
uniqueid_9847 x Rwanda,0
uniqueid_9848 x Rwanda,0
uniqueid_9849 x Rwanda,0
uniqueid_9850 x Rwanda,0
uniqueid_9851 x Rwanda,0
uniqueid_9852 x Rwanda,0
uniqueid_9853 x Rwanda,0
uniqueid_9854 x Rwanda,0
uniqueid_9855 x Rwanda,0
uniqueid_9856 x Rwanda,0
uniqueid_9857 x Rwanda,0
uniqueid_9858 x Rwanda,0
uniqueid_9859 x Rwanda,0
uniqueid_9860 x Rwanda,0
uniqueid_9861 x Rwanda,0
uniqueid_9862 x Rwanda,0
uniqueid_9863 x Rwanda,0
uniqueid_9864 x Rwanda,0
uniqueid_9865 x Rwanda,0
uniqueid_9866 x Rwanda,0
uniqueid_9867 x Rwanda,0
uniqueid_9868 x Rwanda,0
uniqueid_9869 x Rwanda,0
uniqueid_9870 x Rwanda,0
uniqueid_9871 x Rwanda,0
uniqueid_9872 x Rwanda,0
uniqueid_9873 x Rwanda,0
uniqueid_9874 x Rwanda,0
uniqueid_9875 x Rwanda,0
uniqueid_9876 x Rwanda,0
uniqueid_9877 x Rwanda,0
uniqueid_9878 x Rwanda,0
uniqueid_9879 x Rwanda,0
uniqueid_9880 x Rwanda,0
uniqueid_9881 x Rwanda,0
uniqueid_9882 x Rwanda,0
uniqueid_9883 x Rwanda,0
uniqueid_9884 x Rwanda,0
uniqueid_9885 x Rwanda,0
uniqueid_9886 x Rwanda,0
uniqueid_9887 x Rwanda,0
uniqueid_9888 x Rwanda,0
uniqueid_9889 x Rwanda,0
uniqueid_9890 x Rwanda,0
uniqueid_9891 x Rwanda,0
uniqueid_9892 x Rwanda,0
uniqueid_9893 x Rwanda,0
uniqueid_9894 x Rwanda,0
uniqueid_9895 x Rwanda,0
uniqueid_9896 x Rwanda,0
uniqueid_9897 x Rwanda,0
uniqueid_9898 x Rwanda,1
uniqueid_9899 x Rwanda,0
uniqueid_9900 x Rwanda,0
uniqueid_9901 x Rwanda,0
uniqueid_9902 x Rwanda,0
uniqueid_9903 x Rwanda,0
uniqueid_9904 x Rwanda,0
uniqueid_9905 x Rwanda,0
uniqueid_9906 x Rwanda,0
uniqueid_9907 x Rwanda,0
uniqueid_9908 x Rwanda,0
uniqueid_9909 x Rwanda,0
uniqueid_9910 x Rwanda,0
uniqueid_9911 x Rwanda,0
uniqueid_9912 x Rwanda,0
uniqueid_9913 x Rwanda,0
uniqueid_9914 x Rwanda,0
uniqueid_9915 x Rwanda,0
uniqueid_9916 x Rwanda,0
uniqueid_9917 x Rwanda,0
uniqueid_9918 x Rwanda,0
uniqueid_9919 x Rwanda,0
uniqueid_9920 x Rwanda,0
uniqueid_9921 x Rwanda,0
uniqueid_9922 x Rwanda,0
uniqueid_9923 x Rwanda,0
uniqueid_9924 x Rwanda,0
uniqueid_9925 x Rwanda,0
uniqueid_9926 x Rwanda,0
uniqueid_9927 x Rwanda,0
uniqueid_9928 x Rwanda,0
uniqueid_9929 x Rwanda,0
uniqueid_9930 x Rwanda,0
uniqueid_9931 x Rwanda,0
uniqueid_9932 x Rwanda,0
uniqueid_9933 x Rwanda,0
uniqueid_9934 x Rwanda,0
uniqueid_9935 x Rwanda,0
uniqueid_9936 x Rwanda,0
uniqueid_9937 x Rwanda,0
uniqueid_9938 x Rwanda,0
uniqueid_9939 x Rwanda,0
uniqueid_9940 x Rwanda,0
uniqueid_9941 x Rwanda,0
uniqueid_9942 x Rwanda,0
uniqueid_9943 x Rwanda,0
uniqueid_9944 x Rwanda,0
uniqueid_9945 x Rwanda,0
uniqueid_9946 x Rwanda,0
uniqueid_9947 x Rwanda,0
uniqueid_9948 x Rwanda,0
uniqueid_9949 x Rwanda,0
uniqueid_9950 x Rwanda,0
uniqueid_9951 x Rwanda,0
uniqueid_9952 x Rwanda,0
uniqueid_9953 x Rwanda,0
uniqueid_9954 x Rwanda,0
uniqueid_9955 x Rwanda,1
uniqueid_9956 x Rwanda,0
uniqueid_9957 x Rwanda,0
uniqueid_9958 x Rwanda,0
uniqueid_9959 x Rwanda,0
uniqueid_9960 x Rwanda,0
uniqueid_9961 x Rwanda,0
uniqueid_9962 x Rwanda,0
uniqueid_9963 x Rwanda,0
uniqueid_9964 x Rwanda,0
uniqueid_9965 x Rwanda,0
uniqueid_9966 x Rwanda,0
uniqueid_9967 x Rwanda,0
uniqueid_9968 x Rwanda,0
uniqueid_9969 x Rwanda,0
uniqueid_9970 x Rwanda,0
uniqueid_9971 x Rwanda,0
uniqueid_9972 x Rwanda,0
uniqueid_9973 x Rwanda,0
uniqueid_9974 x Rwanda,0
uniqueid_9975 x Rwanda,0
uniqueid_9976 x Rwanda,0
uniqueid_9977 x Rwanda,0
uniqueid_9978 x Rwanda,0
uniqueid_9979 x Rwanda,0
uniqueid_9980 x Rwanda,0
uniqueid_9981 x Rwanda,0
uniqueid_9982 x Rwanda,0
uniqueid_9983 x Rwanda,0
uniqueid_9984 x Rwanda,1
uniqueid_9985 x Rwanda,0
uniqueid_9986 x Rwanda,0
uniqueid_9987 x Rwanda,0
uniqueid_9988 x Rwanda,0
uniqueid_9989 x Rwanda,0
uniqueid_9990 x Rwanda,0
uniqueid_9991 x Rwanda,0
uniqueid_9992 x Rwanda,0
uniqueid_9993 x Rwanda,0
uniqueid_9994 x Rwanda,0
uniqueid_9995 x Rwanda,0
uniqueid_9996 x Rwanda,0
uniqueid_9997 x Rwanda,0
uniqueid_9998 x Rwanda,0
uniqueid_9999 x Rwanda,0
uniqueid_10000 x Rwanda,0
uniqueid_10001 x Rwanda,0
uniqueid_10002 x Rwanda,0
uniqueid_10003 x Rwanda,0
uniqueid_10004 x Rwanda,0
uniqueid_10005 x Rwanda,0
uniqueid_10006 x Rwanda,0
uniqueid_10007 x Rwanda,0
uniqueid_10008 x Rwanda,0
uniqueid_10009 x Rwanda,0
uniqueid_10010 x Rwanda,0
uniqueid_10011 x Rwanda,0
uniqueid_10012 x Rwanda,0
uniqueid_10013 x Rwanda,0
uniqueid_10014 x Rwanda,0
uniqueid_10015 x Rwanda,0
uniqueid_10016 x Rwanda,0
uniqueid_10017 x Rwanda,0
uniqueid_10018 x Rwanda,0
uniqueid_10019 x Rwanda,0
uniqueid_10020 x Rwanda,0
uniqueid_10021 x Rwanda,0
uniqueid_10022 x Rwanda,0
uniqueid_10023 x Rwanda,0
uniqueid_10024 x Rwanda,0
uniqueid_10025 x Rwanda,0
uniqueid_10026 x Rwanda,0
uniqueid_10027 x Rwanda,0
uniqueid_10028 x Rwanda,0
uniqueid_10029 x Rwanda,0
uniqueid_10030 x Rwanda,0
uniqueid_10031 x Rwanda,0
uniqueid_10032 x Rwanda,0
uniqueid_10033 x Rwanda,0
uniqueid_10034 x Rwanda,0
uniqueid_10035 x Rwanda,0
uniqueid_10036 x Rwanda,0
uniqueid_10037 x Rwanda,0
uniqueid_10038 x Rwanda,0
uniqueid_10039 x Rwanda,0
uniqueid_10040 x Rwanda,0
uniqueid_10041 x Rwanda,0
uniqueid_10042 x Rwanda,0
uniqueid_10043 x Rwanda,0
uniqueid_10044 x Rwanda,0
uniqueid_10045 x Rwanda,0
uniqueid_10046 x Rwanda,0
uniqueid_10047 x Rwanda,0
uniqueid_10048 x Rwanda,0
uniqueid_10049 x Rwanda,0
uniqueid_10050 x Rwanda,0
uniqueid_10051 x Rwanda,0
uniqueid_10052 x Rwanda,0
uniqueid_10053 x Rwanda,0
uniqueid_10054 x Rwanda,0
uniqueid_10055 x Rwanda,0
uniqueid_10056 x Rwanda,0
uniqueid_10057 x Rwanda,0
uniqueid_10058 x Rwanda,0
uniqueid_10059 x Rwanda,0
uniqueid_10060 x Rwanda,0
uniqueid_10061 x Rwanda,0
uniqueid_10062 x Rwanda,0
uniqueid_10063 x Rwanda,0
uniqueid_10064 x Rwanda,0
uniqueid_10065 x Rwanda,0
uniqueid_10066 x Rwanda,0
uniqueid_10067 x Rwanda,0
uniqueid_10068 x Rwanda,0
uniqueid_10069 x Rwanda,0
uniqueid_10070 x Rwanda,0
uniqueid_10071 x Rwanda,0
uniqueid_10072 x Rwanda,0
uniqueid_10073 x Rwanda,0
uniqueid_10074 x Rwanda,0
uniqueid_10075 x Rwanda,0
uniqueid_10076 x Rwanda,0
uniqueid_10077 x Rwanda,0
uniqueid_10078 x Rwanda,0
uniqueid_10079 x Rwanda,0
uniqueid_10080 x Rwanda,0
uniqueid_10081 x Rwanda,0
uniqueid_10082 x Rwanda,0
uniqueid_10083 x Rwanda,0
uniqueid_10084 x Rwanda,0
uniqueid_10085 x Rwanda,0
uniqueid_10086 x Rwanda,0
uniqueid_10087 x Rwanda,0
uniqueid_10088 x Rwanda,0
uniqueid_10089 x Rwanda,0
uniqueid_10090 x Rwanda,0
uniqueid_10091 x Rwanda,0
uniqueid_10092 x Rwanda,0
uniqueid_10093 x Rwanda,0
uniqueid_10094 x Rwanda,0
uniqueid_10095 x Rwanda,0
uniqueid_10096 x Rwanda,0
uniqueid_10097 x Rwanda,0
uniqueid_10098 x Rwanda,0
uniqueid_10099 x Rwanda,0
uniqueid_10100 x Rwanda,0
uniqueid_10101 x Rwanda,0
uniqueid_10102 x Rwanda,0
uniqueid_10103 x Rwanda,0
uniqueid_10104 x Rwanda,0
uniqueid_10105 x Rwanda,0
uniqueid_10106 x Rwanda,0
uniqueid_10107 x Rwanda,0
uniqueid_10108 x Rwanda,0
uniqueid_10109 x Rwanda,0
uniqueid_10110 x Rwanda,0
uniqueid_10111 x Rwanda,0
uniqueid_10112 x Rwanda,0
uniqueid_10113 x Rwanda,0
uniqueid_10114 x Rwanda,0
uniqueid_10115 x Rwanda,0
uniqueid_10116 x Rwanda,0
uniqueid_10117 x Rwanda,0
uniqueid_10118 x Rwanda,0
uniqueid_10119 x Rwanda,0
uniqueid_10120 x Rwanda,0
uniqueid_10121 x Rwanda,0
uniqueid_10122 x Rwanda,0
uniqueid_10123 x Rwanda,0
uniqueid_10124 x Rwanda,0
uniqueid_10125 x Rwanda,0
uniqueid_10126 x Rwanda,0
uniqueid_10127 x Rwanda,0
uniqueid_10128 x Rwanda,0
uniqueid_10129 x Rwanda,0
uniqueid_10130 x Rwanda,0
uniqueid_10131 x Rwanda,0
uniqueid_10132 x Rwanda,0
uniqueid_10133 x Rwanda,0
uniqueid_10134 x Rwanda,0
uniqueid_10135 x Rwanda,0
uniqueid_10136 x Rwanda,0
uniqueid_10137 x Rwanda,0
uniqueid_10138 x Rwanda,0
uniqueid_10139 x Rwanda,0
uniqueid_10140 x Rwanda,0
uniqueid_10141 x Rwanda,0
uniqueid_10142 x Rwanda,0
uniqueid_10143 x Rwanda,0
uniqueid_10144 x Rwanda,0
uniqueid_10145 x Rwanda,0
uniqueid_10146 x Rwanda,0
uniqueid_10147 x Rwanda,0
uniqueid_10148 x Rwanda,0
uniqueid_10149 x Rwanda,0
uniqueid_10150 x Rwanda,0
uniqueid_10151 x Rwanda,0
uniqueid_10152 x Rwanda,0
uniqueid_10153 x Rwanda,0
uniqueid_10154 x Rwanda,0
uniqueid_10155 x Rwanda,0
uniqueid_10156 x Rwanda,0
uniqueid_10157 x Rwanda,0
uniqueid_10158 x Rwanda,0
uniqueid_10159 x Rwanda,0
uniqueid_10160 x Rwanda,0
uniqueid_10161 x Rwanda,0
uniqueid_10162 x Rwanda,0
uniqueid_10163 x Rwanda,0
uniqueid_10164 x Rwanda,0
uniqueid_10165 x Rwanda,0
uniqueid_10166 x Rwanda,0
uniqueid_10167 x Rwanda,0
uniqueid_10168 x Rwanda,0
uniqueid_10169 x Rwanda,0
uniqueid_10170 x Rwanda,0
uniqueid_10171 x Rwanda,0
uniqueid_10172 x Rwanda,0
uniqueid_10173 x Rwanda,0
uniqueid_10174 x Rwanda,0
uniqueid_10175 x Rwanda,0
uniqueid_10176 x Rwanda,0
uniqueid_10177 x Rwanda,0
uniqueid_10178 x Rwanda,0
uniqueid_10179 x Rwanda,0
uniqueid_10180 x Rwanda,0
uniqueid_10181 x Rwanda,0
uniqueid_10182 x Rwanda,0
uniqueid_10183 x Rwanda,0
uniqueid_10184 x Rwanda,0
uniqueid_10185 x Rwanda,0
uniqueid_10186 x Rwanda,0
uniqueid_10187 x Rwanda,0
uniqueid_10188 x Rwanda,0
uniqueid_10189 x Rwanda,0
uniqueid_10190 x Rwanda,0
uniqueid_10191 x Rwanda,0
uniqueid_10192 x Rwanda,0
uniqueid_10193 x Rwanda,0
uniqueid_10194 x Rwanda,0
uniqueid_10195 x Rwanda,0
uniqueid_10196 x Rwanda,0
uniqueid_10197 x Rwanda,0
uniqueid_10198 x Rwanda,0
uniqueid_10199 x Rwanda,0
uniqueid_10200 x Rwanda,0
uniqueid_10201 x Rwanda,0
uniqueid_10202 x Rwanda,0
uniqueid_10203 x Rwanda,0
uniqueid_10204 x Rwanda,0
uniqueid_10205 x Rwanda,0
uniqueid_10206 x Rwanda,0
uniqueid_10207 x Rwanda,0
uniqueid_10208 x Rwanda,0
uniqueid_10209 x Rwanda,0
uniqueid_10210 x Rwanda,0
uniqueid_10211 x Rwanda,0
uniqueid_10212 x Rwanda,0
uniqueid_10213 x Rwanda,0
uniqueid_10214 x Rwanda,0
uniqueid_10215 x Rwanda,0
uniqueid_10216 x Rwanda,0
uniqueid_10217 x Rwanda,0
uniqueid_10218 x Rwanda,0
uniqueid_10219 x Rwanda,0
uniqueid_10220 x Rwanda,0
uniqueid_10221 x Rwanda,0
uniqueid_10222 x Rwanda,0
uniqueid_10223 x Rwanda,0
uniqueid_10224 x Rwanda,0
uniqueid_10225 x Rwanda,0
uniqueid_10226 x Rwanda,0
uniqueid_10227 x Rwanda,0
uniqueid_10228 x Rwanda,0
uniqueid_10229 x Rwanda,0
uniqueid_10230 x Rwanda,0
uniqueid_10231 x Rwanda,0
uniqueid_10232 x Rwanda,0
uniqueid_10233 x Rwanda,0
uniqueid_10234 x Rwanda,0
uniqueid_10235 x Rwanda,0
uniqueid_10236 x Rwanda,0
uniqueid_10237 x Rwanda,0
uniqueid_10238 x Rwanda,0
uniqueid_10239 x Rwanda,0
uniqueid_10240 x Rwanda,0
uniqueid_10241 x Rwanda,0
uniqueid_10242 x Rwanda,0
uniqueid_10243 x Rwanda,0
uniqueid_10244 x Rwanda,0
uniqueid_10245 x Rwanda,0
uniqueid_10246 x Rwanda,0
uniqueid_10247 x Rwanda,0
uniqueid_10248 x Rwanda,0
uniqueid_10249 x Rwanda,0
uniqueid_10250 x Rwanda,0
uniqueid_10251 x Rwanda,0
uniqueid_10252 x Rwanda,0
uniqueid_10253 x Rwanda,0
uniqueid_10254 x Rwanda,0
uniqueid_10255 x Rwanda,0
uniqueid_10256 x Rwanda,0
uniqueid_10257 x Rwanda,0
uniqueid_10258 x Rwanda,0
uniqueid_10259 x Rwanda,0
uniqueid_10260 x Rwanda,0
uniqueid_10261 x Rwanda,0
uniqueid_10262 x Rwanda,0
uniqueid_10263 x Rwanda,0
uniqueid_10264 x Rwanda,0
uniqueid_10265 x Rwanda,0
uniqueid_10266 x Rwanda,0
uniqueid_10267 x Rwanda,0
uniqueid_10268 x Rwanda,0
uniqueid_10269 x Rwanda,0
uniqueid_10270 x Rwanda,0
uniqueid_10271 x Rwanda,0
uniqueid_10272 x Rwanda,0
uniqueid_10273 x Rwanda,0
uniqueid_10274 x Rwanda,0
uniqueid_10275 x Rwanda,0
uniqueid_10276 x Rwanda,0
uniqueid_10277 x Rwanda,0
uniqueid_10278 x Rwanda,0
uniqueid_10279 x Rwanda,0
uniqueid_10280 x Rwanda,0
uniqueid_10281 x Rwanda,0
uniqueid_10282 x Rwanda,0
uniqueid_10283 x Rwanda,0
uniqueid_10284 x Rwanda,0
uniqueid_10285 x Rwanda,0
uniqueid_10286 x Rwanda,0
uniqueid_10287 x Rwanda,0
uniqueid_10288 x Rwanda,0
uniqueid_10289 x Rwanda,0
uniqueid_10290 x Rwanda,0
uniqueid_10291 x Rwanda,0
uniqueid_10292 x Rwanda,0
uniqueid_10293 x Rwanda,0
uniqueid_10294 x Rwanda,0
uniqueid_10295 x Rwanda,0
uniqueid_10296 x Rwanda,0
uniqueid_10297 x Rwanda,0
uniqueid_10298 x Rwanda,0
uniqueid_10299 x Rwanda,0
uniqueid_10300 x Rwanda,0
uniqueid_10301 x Rwanda,0
uniqueid_10302 x Rwanda,0
uniqueid_10303 x Rwanda,0
uniqueid_10304 x Rwanda,0
uniqueid_10305 x Rwanda,1
uniqueid_10306 x Rwanda,0
uniqueid_10307 x Rwanda,0
uniqueid_10308 x Rwanda,0
uniqueid_10309 x Rwanda,0
uniqueid_10310 x Rwanda,0
uniqueid_10311 x Rwanda,0
uniqueid_10312 x Rwanda,0
uniqueid_10313 x Rwanda,0
uniqueid_10314 x Rwanda,0
uniqueid_10315 x Rwanda,0
uniqueid_10316 x Rwanda,0
uniqueid_10317 x Rwanda,0
uniqueid_10318 x Rwanda,0
uniqueid_10319 x Rwanda,0
uniqueid_10320 x Rwanda,0
uniqueid_10321 x Rwanda,0
uniqueid_10322 x Rwanda,0
uniqueid_10323 x Rwanda,0
uniqueid_10324 x Rwanda,0
uniqueid_10325 x Rwanda,0
uniqueid_10326 x Rwanda,0
uniqueid_10327 x Rwanda,0
uniqueid_10328 x Rwanda,0
uniqueid_10329 x Rwanda,0
uniqueid_10330 x Rwanda,0
uniqueid_10331 x Rwanda,0
uniqueid_10332 x Rwanda,0
uniqueid_10333 x Rwanda,0
uniqueid_10334 x Rwanda,0
uniqueid_10335 x Rwanda,0
uniqueid_10336 x Rwanda,0
uniqueid_10337 x Rwanda,0
uniqueid_10338 x Rwanda,0
uniqueid_10339 x Rwanda,0
uniqueid_10340 x Rwanda,0
uniqueid_10341 x Rwanda,0
uniqueid_10342 x Rwanda,0
uniqueid_10343 x Rwanda,0
uniqueid_10344 x Rwanda,0
uniqueid_10345 x Rwanda,0
uniqueid_10346 x Rwanda,0
uniqueid_10347 x Rwanda,0
uniqueid_10348 x Rwanda,0
uniqueid_10349 x Rwanda,0
uniqueid_10350 x Rwanda,0
uniqueid_10351 x Rwanda,0
uniqueid_10352 x Rwanda,0
uniqueid_10353 x Rwanda,0
uniqueid_10354 x Rwanda,0
uniqueid_10355 x Rwanda,0
uniqueid_10356 x Rwanda,0
uniqueid_10357 x Rwanda,0
uniqueid_10358 x Rwanda,0
uniqueid_10359 x Rwanda,0
uniqueid_10360 x Rwanda,0
uniqueid_10361 x Rwanda,0
uniqueid_10362 x Rwanda,0
uniqueid_10363 x Rwanda,0
uniqueid_10364 x Rwanda,0
uniqueid_10365 x Rwanda,0
uniqueid_10366 x Rwanda,0
uniqueid_10367 x Rwanda,0
uniqueid_10368 x Rwanda,0
uniqueid_10369 x Rwanda,0
uniqueid_10370 x Rwanda,0
uniqueid_10371 x Rwanda,0
uniqueid_10372 x Rwanda,0
uniqueid_10373 x Rwanda,0
uniqueid_10374 x Rwanda,0
uniqueid_10375 x Rwanda,0
uniqueid_10376 x Rwanda,0
uniqueid_10377 x Rwanda,0
uniqueid_10378 x Rwanda,0
uniqueid_10379 x Rwanda,0
uniqueid_10380 x Rwanda,0
uniqueid_10381 x Rwanda,0
uniqueid_10382 x Rwanda,0
uniqueid_10383 x Rwanda,0
uniqueid_10384 x Rwanda,0
uniqueid_10385 x Rwanda,0
uniqueid_10386 x Rwanda,0
uniqueid_10387 x Rwanda,0
uniqueid_10388 x Rwanda,0
uniqueid_10389 x Rwanda,0
uniqueid_10390 x Rwanda,0
uniqueid_10391 x Rwanda,0
uniqueid_10392 x Rwanda,0
uniqueid_10393 x Rwanda,0
uniqueid_10394 x Rwanda,0
uniqueid_10395 x Rwanda,0
uniqueid_10396 x Rwanda,0
uniqueid_10397 x Rwanda,0
uniqueid_10398 x Rwanda,0
uniqueid_10399 x Rwanda,0
uniqueid_10400 x Rwanda,0
uniqueid_10401 x Rwanda,0
uniqueid_10402 x Rwanda,0
uniqueid_10403 x Rwanda,0
uniqueid_10404 x Rwanda,0
uniqueid_10405 x Rwanda,0
uniqueid_10406 x Rwanda,0
uniqueid_10407 x Rwanda,0
uniqueid_10408 x Rwanda,0
uniqueid_10409 x Rwanda,0
uniqueid_10410 x Rwanda,0
uniqueid_10411 x Rwanda,0
uniqueid_10412 x Rwanda,0
uniqueid_10413 x Rwanda,0
uniqueid_10414 x Rwanda,0
uniqueid_10415 x Rwanda,0
uniqueid_10416 x Rwanda,0
uniqueid_10417 x Rwanda,0
uniqueid_10418 x Rwanda,0
uniqueid_10419 x Rwanda,0
uniqueid_10420 x Rwanda,0
uniqueid_10421 x Rwanda,0
uniqueid_10422 x Rwanda,0
uniqueid_10423 x Rwanda,0
uniqueid_10424 x Rwanda,0
uniqueid_10425 x Rwanda,0
uniqueid_10426 x Rwanda,0
uniqueid_10427 x Rwanda,0
uniqueid_10428 x Rwanda,0
uniqueid_10429 x Rwanda,0
uniqueid_10430 x Rwanda,0
uniqueid_10431 x Rwanda,0
uniqueid_10432 x Rwanda,0
uniqueid_10433 x Rwanda,0
uniqueid_10434 x Rwanda,0
uniqueid_10435 x Rwanda,0
uniqueid_10436 x Rwanda,0
uniqueid_10437 x Rwanda,0
uniqueid_10438 x Rwanda,0
uniqueid_10439 x Rwanda,0
uniqueid_10440 x Rwanda,0
uniqueid_10441 x Rwanda,0
uniqueid_10442 x Rwanda,0
uniqueid_10443 x Rwanda,0
uniqueid_10444 x Rwanda,0
uniqueid_10445 x Rwanda,0
uniqueid_10446 x Rwanda,0
uniqueid_10447 x Rwanda,0
uniqueid_10448 x Rwanda,0
uniqueid_10449 x Rwanda,0
uniqueid_10450 x Rwanda,0
uniqueid_10451 x Rwanda,0
uniqueid_10452 x Rwanda,0
uniqueid_10453 x Rwanda,0
uniqueid_10454 x Rwanda,0
uniqueid_10455 x Rwanda,0
uniqueid_10456 x Rwanda,0
uniqueid_10457 x Rwanda,0
uniqueid_10458 x Rwanda,0
uniqueid_10459 x Rwanda,0
uniqueid_10460 x Rwanda,0
uniqueid_10461 x Rwanda,0
uniqueid_10462 x Rwanda,0
uniqueid_10463 x Rwanda,0
uniqueid_10464 x Rwanda,0
uniqueid_10465 x Rwanda,0
uniqueid_10466 x Rwanda,0
uniqueid_10467 x Rwanda,0
uniqueid_10468 x Rwanda,0
uniqueid_10469 x Rwanda,0
uniqueid_10470 x Rwanda,0
uniqueid_10471 x Rwanda,0
uniqueid_10472 x Rwanda,0
uniqueid_10473 x Rwanda,0
uniqueid_10474 x Rwanda,0
uniqueid_10475 x Rwanda,0
uniqueid_10476 x Rwanda,0
uniqueid_10477 x Rwanda,0
uniqueid_10478 x Rwanda,0
uniqueid_10479 x Rwanda,0
uniqueid_10480 x Rwanda,0
uniqueid_10481 x Rwanda,0
uniqueid_10482 x Rwanda,0
uniqueid_10483 x Rwanda,0
uniqueid_10484 x Rwanda,0
uniqueid_10485 x Rwanda,0
uniqueid_10486 x Rwanda,0
uniqueid_10487 x Rwanda,0
uniqueid_10488 x Rwanda,0
uniqueid_10489 x Rwanda,0
uniqueid_10490 x Rwanda,0
uniqueid_10491 x Rwanda,0
uniqueid_10492 x Rwanda,0
uniqueid_10493 x Rwanda,0
uniqueid_10494 x Rwanda,0
uniqueid_10495 x Rwanda,0
uniqueid_10496 x Rwanda,0
uniqueid_10497 x Rwanda,0
uniqueid_10498 x Rwanda,0
uniqueid_10499 x Rwanda,0
uniqueid_10500 x Rwanda,0
uniqueid_10501 x Rwanda,0
uniqueid_10502 x Rwanda,0
uniqueid_10503 x Rwanda,0
uniqueid_10504 x Rwanda,0
uniqueid_10505 x Rwanda,0
uniqueid_10506 x Rwanda,0
uniqueid_10507 x Rwanda,0
uniqueid_10508 x Rwanda,0
uniqueid_10509 x Rwanda,0
uniqueid_10510 x Rwanda,0
uniqueid_10511 x Rwanda,0
uniqueid_10512 x Rwanda,0
uniqueid_10513 x Rwanda,0
uniqueid_10514 x Rwanda,0
uniqueid_10515 x Rwanda,0
uniqueid_10516 x Rwanda,0
uniqueid_10517 x Rwanda,0
uniqueid_10518 x Rwanda,0
uniqueid_10519 x Rwanda,0
uniqueid_10520 x Rwanda,0
uniqueid_10521 x Rwanda,0
uniqueid_10522 x Rwanda,0
uniqueid_10523 x Rwanda,0
uniqueid_10524 x Rwanda,0
uniqueid_10525 x Rwanda,0
uniqueid_10526 x Rwanda,0
uniqueid_10527 x Rwanda,0
uniqueid_10528 x Rwanda,0
uniqueid_10529 x Rwanda,0
uniqueid_10530 x Rwanda,0
uniqueid_10531 x Rwanda,0
uniqueid_10532 x Rwanda,0
uniqueid_10533 x Rwanda,0
uniqueid_10534 x Rwanda,0
uniqueid_10535 x Rwanda,0
uniqueid_10536 x Rwanda,0
uniqueid_10537 x Rwanda,0
uniqueid_10538 x Rwanda,0
uniqueid_10539 x Rwanda,0
uniqueid_10540 x Rwanda,0
uniqueid_10541 x Rwanda,0
uniqueid_10542 x Rwanda,0
uniqueid_10543 x Rwanda,0
uniqueid_10544 x Rwanda,0
uniqueid_10545 x Rwanda,0
uniqueid_10546 x Rwanda,0
uniqueid_10547 x Rwanda,0
uniqueid_10548 x Rwanda,0
uniqueid_10549 x Rwanda,0
uniqueid_10550 x Rwanda,0
uniqueid_10551 x Rwanda,0
uniqueid_10552 x Rwanda,0
uniqueid_10553 x Rwanda,0
uniqueid_10554 x Rwanda,0
uniqueid_10555 x Rwanda,0
uniqueid_10556 x Rwanda,0
uniqueid_10557 x Rwanda,0
uniqueid_10558 x Rwanda,0
uniqueid_10559 x Rwanda,0
uniqueid_10560 x Rwanda,0
uniqueid_10561 x Rwanda,0
uniqueid_10562 x Rwanda,0
uniqueid_10563 x Rwanda,0
uniqueid_10564 x Rwanda,0
uniqueid_10565 x Rwanda,0
uniqueid_10566 x Rwanda,0
uniqueid_10567 x Rwanda,0
uniqueid_10568 x Rwanda,0
uniqueid_10569 x Rwanda,0
uniqueid_10570 x Rwanda,0
uniqueid_10571 x Rwanda,0
uniqueid_10572 x Rwanda,0
uniqueid_10573 x Rwanda,0
uniqueid_10574 x Rwanda,0
uniqueid_10575 x Rwanda,0
uniqueid_10576 x Rwanda,0
uniqueid_10577 x Rwanda,0
uniqueid_10578 x Rwanda,0
uniqueid_10579 x Rwanda,0
uniqueid_10580 x Rwanda,0
uniqueid_10581 x Rwanda,0
uniqueid_10582 x Rwanda,0
uniqueid_10583 x Rwanda,0
uniqueid_10584 x Rwanda,0
uniqueid_10585 x Rwanda,0
uniqueid_10586 x Rwanda,0
uniqueid_10587 x Rwanda,0
uniqueid_10588 x Rwanda,0
uniqueid_10589 x Rwanda,0
uniqueid_10590 x Rwanda,0
uniqueid_10591 x Rwanda,0
uniqueid_10592 x Rwanda,0
uniqueid_10593 x Rwanda,0
uniqueid_10594 x Rwanda,0
uniqueid_10595 x Rwanda,0
uniqueid_10596 x Rwanda,0
uniqueid_10597 x Rwanda,0
uniqueid_10598 x Rwanda,0
uniqueid_10599 x Rwanda,0
uniqueid_10600 x Rwanda,0
uniqueid_10601 x Rwanda,0
uniqueid_10602 x Rwanda,0
uniqueid_10603 x Rwanda,0
uniqueid_10604 x Rwanda,0
uniqueid_10605 x Rwanda,0
uniqueid_10606 x Rwanda,0
uniqueid_10607 x Rwanda,0
uniqueid_10608 x Rwanda,0
uniqueid_10609 x Rwanda,0
uniqueid_10610 x Rwanda,0
uniqueid_10611 x Rwanda,0
uniqueid_10612 x Rwanda,0
uniqueid_10613 x Rwanda,0
uniqueid_10614 x Rwanda,0
uniqueid_10615 x Rwanda,0
uniqueid_10616 x Rwanda,0
uniqueid_10617 x Rwanda,0
uniqueid_10618 x Rwanda,1
uniqueid_10619 x Rwanda,0
uniqueid_10620 x Rwanda,0
uniqueid_10621 x Rwanda,0
uniqueid_10622 x Rwanda,0
uniqueid_10623 x Rwanda,0
uniqueid_10624 x Rwanda,0
uniqueid_10625 x Rwanda,0
uniqueid_10626 x Rwanda,0
uniqueid_10627 x Rwanda,0
uniqueid_10628 x Rwanda,0
uniqueid_10629 x Rwanda,0
uniqueid_10630 x Rwanda,0
uniqueid_10631 x Rwanda,0
uniqueid_10632 x Rwanda,0
uniqueid_10633 x Rwanda,0
uniqueid_10634 x Rwanda,0
uniqueid_10635 x Rwanda,0
uniqueid_10636 x Rwanda,0
uniqueid_10637 x Rwanda,0
uniqueid_10638 x Rwanda,0
uniqueid_10639 x Rwanda,0
uniqueid_10640 x Rwanda,0
uniqueid_10641 x Rwanda,0
uniqueid_10642 x Rwanda,0
uniqueid_10643 x Rwanda,0
uniqueid_10644 x Rwanda,0
uniqueid_10645 x Rwanda,0
uniqueid_10646 x Rwanda,0
uniqueid_10647 x Rwanda,0
uniqueid_10648 x Rwanda,0
uniqueid_10649 x Rwanda,0
uniqueid_10650 x Rwanda,0
uniqueid_10651 x Rwanda,0
uniqueid_10652 x Rwanda,0
uniqueid_10653 x Rwanda,0
uniqueid_10654 x Rwanda,0
uniqueid_10655 x Rwanda,0
uniqueid_10656 x Rwanda,0
uniqueid_10657 x Rwanda,0
uniqueid_10658 x Rwanda,0
uniqueid_10659 x Rwanda,0
uniqueid_10660 x Rwanda,0
uniqueid_10661 x Rwanda,0
uniqueid_10662 x Rwanda,0
uniqueid_10663 x Rwanda,0
uniqueid_10664 x Rwanda,0
uniqueid_10665 x Rwanda,0
uniqueid_10666 x Rwanda,1
uniqueid_10667 x Rwanda,0
uniqueid_10668 x Rwanda,0
uniqueid_10669 x Rwanda,0
uniqueid_10670 x Rwanda,0
uniqueid_10671 x Rwanda,0
uniqueid_10672 x Rwanda,0
uniqueid_10673 x Rwanda,0
uniqueid_10674 x Rwanda,0
uniqueid_10675 x Rwanda,0
uniqueid_10676 x Rwanda,0
uniqueid_10677 x Rwanda,0
uniqueid_10678 x Rwanda,0
uniqueid_10679 x Rwanda,0
uniqueid_10680 x Rwanda,0
uniqueid_10681 x Rwanda,0
uniqueid_10682 x Rwanda,0
uniqueid_10683 x Rwanda,0
uniqueid_10684 x Rwanda,0
uniqueid_10685 x Rwanda,0
uniqueid_10686 x Rwanda,0
uniqueid_10687 x Rwanda,0
uniqueid_10688 x Rwanda,0
uniqueid_10689 x Rwanda,0
uniqueid_10690 x Rwanda,0
uniqueid_10691 x Rwanda,0
uniqueid_10692 x Rwanda,0
uniqueid_10693 x Rwanda,0
uniqueid_10694 x Rwanda,0
uniqueid_10695 x Rwanda,0
uniqueid_10696 x Rwanda,0
uniqueid_10697 x Rwanda,0
uniqueid_10698 x Rwanda,0
uniqueid_10699 x Rwanda,0
uniqueid_10700 x Rwanda,0
uniqueid_10701 x Rwanda,0
uniqueid_10702 x Rwanda,0
uniqueid_10703 x Rwanda,0
uniqueid_10704 x Rwanda,0
uniqueid_10705 x Rwanda,0
uniqueid_10706 x Rwanda,0
uniqueid_10707 x Rwanda,0
uniqueid_10708 x Rwanda,0
uniqueid_10709 x Rwanda,0
uniqueid_10710 x Rwanda,0
uniqueid_10711 x Rwanda,0
uniqueid_10712 x Rwanda,0
uniqueid_10713 x Rwanda,0
uniqueid_10714 x Rwanda,0
uniqueid_10715 x Rwanda,0
uniqueid_10716 x Rwanda,0
uniqueid_10717 x Rwanda,0
uniqueid_10718 x Rwanda,0
uniqueid_10719 x Rwanda,0
uniqueid_10720 x Rwanda,0
uniqueid_10721 x Rwanda,0
uniqueid_10722 x Rwanda,0
uniqueid_10723 x Rwanda,0
uniqueid_10724 x Rwanda,0
uniqueid_10725 x Rwanda,0
uniqueid_10726 x Rwanda,0
uniqueid_10727 x Rwanda,0
uniqueid_10728 x Rwanda,0
uniqueid_10729 x Rwanda,0
uniqueid_10730 x Rwanda,0
uniqueid_10731 x Rwanda,0
uniqueid_10732 x Rwanda,0
uniqueid_10733 x Rwanda,0
uniqueid_10734 x Rwanda,0
uniqueid_10735 x Rwanda,0
uniqueid_10736 x Rwanda,0
uniqueid_10737 x Rwanda,0
uniqueid_10738 x Rwanda,0
uniqueid_10739 x Rwanda,0
uniqueid_10740 x Rwanda,0
uniqueid_10741 x Rwanda,0
uniqueid_10742 x Rwanda,0
uniqueid_10743 x Rwanda,0
uniqueid_10744 x Rwanda,0
uniqueid_10745 x Rwanda,0
uniqueid_10746 x Rwanda,0
uniqueid_10747 x Rwanda,0
uniqueid_10748 x Rwanda,0
uniqueid_10749 x Rwanda,0
uniqueid_10750 x Rwanda,0
uniqueid_10751 x Rwanda,0
uniqueid_10752 x Rwanda,0
uniqueid_10753 x Rwanda,0
uniqueid_10754 x Rwanda,0
uniqueid_10755 x Rwanda,0
uniqueid_10756 x Rwanda,0
uniqueid_10757 x Rwanda,0
uniqueid_10758 x Rwanda,0
uniqueid_10759 x Rwanda,0
uniqueid_10760 x Rwanda,0
uniqueid_10761 x Rwanda,0
uniqueid_10762 x Rwanda,0
uniqueid_10763 x Rwanda,0
uniqueid_10764 x Rwanda,0
uniqueid_10765 x Rwanda,0
uniqueid_10766 x Rwanda,0
uniqueid_10767 x Rwanda,0
uniqueid_10768 x Rwanda,0
uniqueid_10769 x Rwanda,0
uniqueid_10770 x Rwanda,0
uniqueid_10771 x Rwanda,0
uniqueid_10772 x Rwanda,0
uniqueid_10773 x Rwanda,0
uniqueid_10774 x Rwanda,0
uniqueid_10775 x Rwanda,0
uniqueid_10776 x Rwanda,0
uniqueid_10777 x Rwanda,0
uniqueid_10778 x Rwanda,0
uniqueid_10779 x Rwanda,0
uniqueid_10780 x Rwanda,0
uniqueid_10781 x Rwanda,0
uniqueid_10782 x Rwanda,0
uniqueid_10783 x Rwanda,0
uniqueid_10784 x Rwanda,0
uniqueid_10785 x Rwanda,0
uniqueid_10786 x Rwanda,0
uniqueid_10787 x Rwanda,0
uniqueid_10788 x Rwanda,0
uniqueid_10789 x Rwanda,0
uniqueid_10790 x Rwanda,0
uniqueid_10791 x Rwanda,0
uniqueid_10792 x Rwanda,0
uniqueid_10793 x Rwanda,0
uniqueid_10794 x Rwanda,0
uniqueid_10795 x Rwanda,0
uniqueid_10796 x Rwanda,0
uniqueid_10797 x Rwanda,0
uniqueid_10798 x Rwanda,0
uniqueid_10799 x Rwanda,0
uniqueid_10800 x Rwanda,0
uniqueid_10801 x Rwanda,0
uniqueid_10802 x Rwanda,0
uniqueid_10803 x Rwanda,0
uniqueid_10804 x Rwanda,0
uniqueid_10805 x Rwanda,0
uniqueid_10806 x Rwanda,0
uniqueid_10807 x Rwanda,0
uniqueid_10808 x Rwanda,0
uniqueid_10809 x Rwanda,0
uniqueid_10810 x Rwanda,0
uniqueid_10811 x Rwanda,0
uniqueid_10812 x Rwanda,0
uniqueid_10813 x Rwanda,0
uniqueid_10814 x Rwanda,0
uniqueid_10815 x Rwanda,0
uniqueid_10816 x Rwanda,0
uniqueid_10817 x Rwanda,0
uniqueid_10818 x Rwanda,0
uniqueid_10819 x Rwanda,0
uniqueid_10820 x Rwanda,0
uniqueid_10821 x Rwanda,0
uniqueid_10822 x Rwanda,0
uniqueid_10823 x Rwanda,0
uniqueid_10824 x Rwanda,0
uniqueid_10825 x Rwanda,0
uniqueid_10826 x Rwanda,0
uniqueid_10827 x Rwanda,0
uniqueid_10828 x Rwanda,0
uniqueid_10829 x Rwanda,0
uniqueid_10830 x Rwanda,0
uniqueid_10831 x Rwanda,0
uniqueid_10832 x Rwanda,0
uniqueid_10833 x Rwanda,0
uniqueid_10834 x Rwanda,0
uniqueid_10835 x Rwanda,0
uniqueid_10836 x Rwanda,0
uniqueid_10837 x Rwanda,0
uniqueid_10838 x Rwanda,0
uniqueid_10839 x Rwanda,0
uniqueid_10840 x Rwanda,0
uniqueid_10841 x Rwanda,0
uniqueid_10842 x Rwanda,0
uniqueid_10843 x Rwanda,0
uniqueid_10844 x Rwanda,0
uniqueid_10845 x Rwanda,0
uniqueid_10846 x Rwanda,0
uniqueid_10847 x Rwanda,0
uniqueid_10848 x Rwanda,0
uniqueid_10849 x Rwanda,0
uniqueid_10850 x Rwanda,0
uniqueid_10851 x Rwanda,0
uniqueid_10852 x Rwanda,0
uniqueid_10853 x Rwanda,0
uniqueid_10854 x Rwanda,0
uniqueid_10855 x Rwanda,0
uniqueid_10856 x Rwanda,0
uniqueid_10857 x Rwanda,0
uniqueid_10858 x Rwanda,0
uniqueid_10859 x Rwanda,0
uniqueid_10860 x Rwanda,0
uniqueid_10861 x Rwanda,0
uniqueid_10862 x Rwanda,0
uniqueid_10863 x Rwanda,0
uniqueid_10864 x Rwanda,0
uniqueid_10865 x Rwanda,0
uniqueid_10866 x Rwanda,0
uniqueid_10867 x Rwanda,0
uniqueid_10868 x Rwanda,0
uniqueid_10869 x Rwanda,0
uniqueid_10870 x Rwanda,0
uniqueid_10871 x Rwanda,0
uniqueid_10872 x Rwanda,0
uniqueid_10873 x Rwanda,0
uniqueid_10874 x Rwanda,0
uniqueid_10875 x Rwanda,0
uniqueid_10876 x Rwanda,0
uniqueid_10877 x Rwanda,0
uniqueid_10878 x Rwanda,0
uniqueid_10879 x Rwanda,0
uniqueid_10880 x Rwanda,0
uniqueid_10881 x Rwanda,0
uniqueid_10882 x Rwanda,0
uniqueid_10883 x Rwanda,0
uniqueid_10884 x Rwanda,0
uniqueid_10885 x Rwanda,0
uniqueid_10886 x Rwanda,0
uniqueid_10887 x Rwanda,0
uniqueid_10888 x Rwanda,0
uniqueid_10889 x Rwanda,0
uniqueid_10890 x Rwanda,0
uniqueid_10891 x Rwanda,0
uniqueid_10892 x Rwanda,0
uniqueid_10893 x Rwanda,0
uniqueid_10894 x Rwanda,1
uniqueid_10895 x Rwanda,0
uniqueid_10896 x Rwanda,0
uniqueid_10897 x Rwanda,0
uniqueid_10898 x Rwanda,0
uniqueid_10899 x Rwanda,0
uniqueid_10900 x Rwanda,0
uniqueid_10901 x Rwanda,0
uniqueid_10902 x Rwanda,0
uniqueid_10903 x Rwanda,0
uniqueid_10904 x Rwanda,0
uniqueid_10905 x Rwanda,0
uniqueid_10906 x Rwanda,0
uniqueid_10907 x Rwanda,0
uniqueid_10908 x Rwanda,0
uniqueid_10909 x Rwanda,1
uniqueid_10910 x Rwanda,0
uniqueid_10911 x Rwanda,0
uniqueid_10912 x Rwanda,0
uniqueid_10913 x Rwanda,0
uniqueid_10914 x Rwanda,0
uniqueid_10915 x Rwanda,0
uniqueid_10916 x Rwanda,0
uniqueid_10917 x Rwanda,0
uniqueid_10918 x Rwanda,0
uniqueid_10919 x Rwanda,0
uniqueid_10920 x Rwanda,0
uniqueid_10921 x Rwanda,0
uniqueid_10922 x Rwanda,1
uniqueid_10923 x Rwanda,0
uniqueid_10924 x Rwanda,0
uniqueid_10925 x Rwanda,0
uniqueid_10926 x Rwanda,0
uniqueid_10927 x Rwanda,0
uniqueid_10928 x Rwanda,0
uniqueid_10929 x Rwanda,0
uniqueid_10930 x Rwanda,0
uniqueid_10931 x Rwanda,0
uniqueid_10932 x Rwanda,0
uniqueid_10933 x Rwanda,0
uniqueid_10934 x Rwanda,0
uniqueid_10935 x Rwanda,0
uniqueid_10936 x Rwanda,0
uniqueid_10937 x Rwanda,0
uniqueid_10938 x Rwanda,0
uniqueid_10939 x Rwanda,1
uniqueid_10940 x Rwanda,0
uniqueid_10941 x Rwanda,0
uniqueid_10942 x Rwanda,0
uniqueid_10943 x Rwanda,0
uniqueid_10944 x Rwanda,0
uniqueid_10945 x Rwanda,0
uniqueid_10946 x Rwanda,0
uniqueid_10947 x Rwanda,0
uniqueid_10948 x Rwanda,0
uniqueid_10949 x Rwanda,0
uniqueid_10950 x Rwanda,0
uniqueid_10951 x Rwanda,0
uniqueid_10952 x Rwanda,0
uniqueid_10953 x Rwanda,0
uniqueid_10954 x Rwanda,0
uniqueid_10955 x Rwanda,0
uniqueid_10956 x Rwanda,0
uniqueid_10957 x Rwanda,0
uniqueid_10958 x Rwanda,0
uniqueid_10959 x Rwanda,0
uniqueid_10960 x Rwanda,0
uniqueid_10961 x Rwanda,0
uniqueid_10962 x Rwanda,0
uniqueid_10963 x Rwanda,0
uniqueid_10964 x Rwanda,0
uniqueid_10965 x Rwanda,0
uniqueid_10966 x Rwanda,0
uniqueid_10967 x Rwanda,0
uniqueid_10968 x Rwanda,0
uniqueid_10969 x Rwanda,0
uniqueid_10970 x Rwanda,0
uniqueid_10971 x Rwanda,0
uniqueid_10972 x Rwanda,0
uniqueid_10973 x Rwanda,0
uniqueid_10974 x Rwanda,0
uniqueid_10975 x Rwanda,0
uniqueid_10976 x Rwanda,0
uniqueid_10977 x Rwanda,0
uniqueid_10978 x Rwanda,0
uniqueid_10979 x Rwanda,0
uniqueid_10980 x Rwanda,0
uniqueid_10981 x Rwanda,0
uniqueid_10982 x Rwanda,0
uniqueid_10983 x Rwanda,0
uniqueid_10984 x Rwanda,0
uniqueid_10985 x Rwanda,0
uniqueid_10986 x Rwanda,0
uniqueid_10987 x Rwanda,0
uniqueid_10988 x Rwanda,0
uniqueid_10989 x Rwanda,0
uniqueid_10990 x Rwanda,0
uniqueid_10991 x Rwanda,0
uniqueid_10992 x Rwanda,0
uniqueid_10993 x Rwanda,0
uniqueid_10994 x Rwanda,0
uniqueid_10995 x Rwanda,0
uniqueid_10996 x Rwanda,0
uniqueid_10997 x Rwanda,0
uniqueid_10998 x Rwanda,0
uniqueid_10999 x Rwanda,0
uniqueid_11000 x Rwanda,0
uniqueid_11001 x Rwanda,0
uniqueid_11002 x Rwanda,0
uniqueid_11003 x Rwanda,0
uniqueid_11004 x Rwanda,0
uniqueid_11005 x Rwanda,0
uniqueid_11006 x Rwanda,0
uniqueid_11007 x Rwanda,0
uniqueid_11008 x Rwanda,0
uniqueid_11009 x Rwanda,0
uniqueid_11010 x Rwanda,0
uniqueid_11011 x Rwanda,0
uniqueid_11012 x Rwanda,0
uniqueid_11013 x Rwanda,0
uniqueid_11014 x Rwanda,0
uniqueid_11015 x Rwanda,0
uniqueid_11016 x Rwanda,0
uniqueid_11017 x Rwanda,0
uniqueid_11018 x Rwanda,0
uniqueid_11019 x Rwanda,0
uniqueid_11020 x Rwanda,0
uniqueid_11021 x Rwanda,0
uniqueid_11022 x Rwanda,0
uniqueid_11023 x Rwanda,0
uniqueid_11024 x Rwanda,0
uniqueid_11025 x Rwanda,0
uniqueid_11026 x Rwanda,0
uniqueid_11027 x Rwanda,0
uniqueid_11028 x Rwanda,0
uniqueid_11029 x Rwanda,0
uniqueid_11030 x Rwanda,0
uniqueid_11031 x Rwanda,0
uniqueid_11032 x Rwanda,0
uniqueid_11033 x Rwanda,0
uniqueid_11034 x Rwanda,0
uniqueid_11035 x Rwanda,0
uniqueid_11036 x Rwanda,0
uniqueid_11037 x Rwanda,0
uniqueid_11038 x Rwanda,0
uniqueid_11039 x Rwanda,0
uniqueid_11040 x Rwanda,0
uniqueid_11041 x Rwanda,0
uniqueid_11042 x Rwanda,0
uniqueid_11043 x Rwanda,0
uniqueid_11044 x Rwanda,0
uniqueid_11045 x Rwanda,0
uniqueid_11046 x Rwanda,0
uniqueid_11047 x Rwanda,0
uniqueid_11048 x Rwanda,0
uniqueid_11049 x Rwanda,0
uniqueid_11050 x Rwanda,0
uniqueid_11051 x Rwanda,0
uniqueid_11052 x Rwanda,0
uniqueid_11053 x Rwanda,0
uniqueid_11054 x Rwanda,0
uniqueid_11055 x Rwanda,0
uniqueid_11056 x Rwanda,0
uniqueid_11057 x Rwanda,0
uniqueid_11058 x Rwanda,0
uniqueid_11059 x Rwanda,0
uniqueid_11060 x Rwanda,0
uniqueid_11061 x Rwanda,0
uniqueid_11062 x Rwanda,0
uniqueid_11063 x Rwanda,0
uniqueid_11064 x Rwanda,0
uniqueid_11065 x Rwanda,0
uniqueid_11066 x Rwanda,0
uniqueid_11067 x Rwanda,0
uniqueid_11068 x Rwanda,0
uniqueid_11069 x Rwanda,0
uniqueid_11070 x Rwanda,0
uniqueid_11071 x Rwanda,0
uniqueid_11072 x Rwanda,0
uniqueid_11073 x Rwanda,0
uniqueid_11074 x Rwanda,0
uniqueid_11075 x Rwanda,0
uniqueid_11076 x Rwanda,0
uniqueid_11077 x Rwanda,0
uniqueid_11078 x Rwanda,0
uniqueid_11079 x Rwanda,0
uniqueid_11080 x Rwanda,0
uniqueid_11081 x Rwanda,0
uniqueid_11082 x Rwanda,0
uniqueid_11083 x Rwanda,0
uniqueid_11084 x Rwanda,0
uniqueid_11085 x Rwanda,0
uniqueid_11086 x Rwanda,0
uniqueid_11087 x Rwanda,0
uniqueid_11088 x Rwanda,0
uniqueid_11089 x Rwanda,0
uniqueid_11090 x Rwanda,0
uniqueid_11091 x Rwanda,0
uniqueid_11092 x Rwanda,0
uniqueid_11093 x Rwanda,0
uniqueid_11094 x Rwanda,0
uniqueid_11095 x Rwanda,0
uniqueid_11096 x Rwanda,1
uniqueid_11097 x Rwanda,0
uniqueid_11098 x Rwanda,0
uniqueid_11099 x Rwanda,0
uniqueid_11100 x Rwanda,0
uniqueid_11101 x Rwanda,0
uniqueid_11102 x Rwanda,0
uniqueid_11103 x Rwanda,0
uniqueid_11104 x Rwanda,0
uniqueid_11105 x Rwanda,0
uniqueid_11106 x Rwanda,0
uniqueid_11107 x Rwanda,0
uniqueid_11108 x Rwanda,0
uniqueid_11109 x Rwanda,0
uniqueid_11110 x Rwanda,0
uniqueid_11111 x Rwanda,0
uniqueid_11112 x Rwanda,0
uniqueid_11113 x Rwanda,0
uniqueid_11114 x Rwanda,0
uniqueid_11115 x Rwanda,0
uniqueid_11116 x Rwanda,0
uniqueid_11117 x Rwanda,0
uniqueid_11118 x Rwanda,0
uniqueid_11119 x Rwanda,0
uniqueid_11120 x Rwanda,0
uniqueid_11121 x Rwanda,0
uniqueid_11122 x Rwanda,0
uniqueid_11123 x Rwanda,0
uniqueid_11124 x Rwanda,0
uniqueid_11125 x Rwanda,0
uniqueid_11126 x Rwanda,0
uniqueid_11127 x Rwanda,0
uniqueid_11128 x Rwanda,0
uniqueid_11129 x Rwanda,0
uniqueid_11130 x Rwanda,0
uniqueid_11131 x Rwanda,0
uniqueid_11132 x Rwanda,0
uniqueid_11133 x Rwanda,0
uniqueid_11134 x Rwanda,0
uniqueid_11135 x Rwanda,0
uniqueid_11136 x Rwanda,0
uniqueid_11137 x Rwanda,0
uniqueid_11138 x Rwanda,0
uniqueid_11139 x Rwanda,0
uniqueid_11140 x Rwanda,0
uniqueid_11141 x Rwanda,0
uniqueid_11142 x Rwanda,0
uniqueid_11143 x Rwanda,0
uniqueid_11144 x Rwanda,0
uniqueid_11145 x Rwanda,0
uniqueid_11146 x Rwanda,0
uniqueid_11147 x Rwanda,0
uniqueid_11148 x Rwanda,0
uniqueid_11149 x Rwanda,0
uniqueid_11150 x Rwanda,0
uniqueid_11151 x Rwanda,0
uniqueid_11152 x Rwanda,0
uniqueid_11153 x Rwanda,0
uniqueid_11154 x Rwanda,0
uniqueid_11155 x Rwanda,0
uniqueid_11156 x Rwanda,0
uniqueid_11157 x Rwanda,0
uniqueid_11158 x Rwanda,0
uniqueid_11159 x Rwanda,0
uniqueid_11160 x Rwanda,0
uniqueid_11161 x Rwanda,0
uniqueid_11162 x Rwanda,0
uniqueid_11163 x Rwanda,0
uniqueid_11164 x Rwanda,0
uniqueid_11165 x Rwanda,0
uniqueid_11166 x Rwanda,0
uniqueid_11167 x Rwanda,0
uniqueid_11168 x Rwanda,0
uniqueid_11169 x Rwanda,0
uniqueid_11170 x Rwanda,0
uniqueid_11171 x Rwanda,0
uniqueid_11172 x Rwanda,0
uniqueid_11173 x Rwanda,0
uniqueid_11174 x Rwanda,0
uniqueid_11175 x Rwanda,0
uniqueid_11176 x Rwanda,0
uniqueid_11177 x Rwanda,0
uniqueid_11178 x Rwanda,0
uniqueid_11179 x Rwanda,0
uniqueid_11180 x Rwanda,0
uniqueid_11181 x Rwanda,0
uniqueid_11182 x Rwanda,0
uniqueid_11183 x Rwanda,0
uniqueid_11184 x Rwanda,0
uniqueid_11185 x Rwanda,0
uniqueid_11186 x Rwanda,0
uniqueid_11187 x Rwanda,0
uniqueid_11188 x Rwanda,0
uniqueid_11189 x Rwanda,0
uniqueid_11190 x Rwanda,0
uniqueid_11191 x Rwanda,0
uniqueid_11192 x Rwanda,0
uniqueid_11193 x Rwanda,0
uniqueid_11194 x Rwanda,0
uniqueid_11195 x Rwanda,0
uniqueid_11196 x Rwanda,0
uniqueid_11197 x Rwanda,0
uniqueid_11198 x Rwanda,0
uniqueid_11199 x Rwanda,0
uniqueid_11200 x Rwanda,0
uniqueid_11201 x Rwanda,0
uniqueid_11202 x Rwanda,0
uniqueid_11203 x Rwanda,0
uniqueid_11204 x Rwanda,0
uniqueid_11205 x Rwanda,0
uniqueid_11206 x Rwanda,0
uniqueid_11207 x Rwanda,0
uniqueid_11208 x Rwanda,0
uniqueid_11209 x Rwanda,0
uniqueid_11210 x Rwanda,0
uniqueid_11211 x Rwanda,0
uniqueid_11212 x Rwanda,0
uniqueid_11213 x Rwanda,0
uniqueid_11214 x Rwanda,0
uniqueid_11215 x Rwanda,0
uniqueid_11216 x Rwanda,0
uniqueid_11217 x Rwanda,0
uniqueid_11218 x Rwanda,0
uniqueid_11219 x Rwanda,0
uniqueid_11220 x Rwanda,0
uniqueid_11221 x Rwanda,0
uniqueid_11222 x Rwanda,0
uniqueid_11223 x Rwanda,0
uniqueid_11224 x Rwanda,0
uniqueid_11225 x Rwanda,0
uniqueid_11226 x Rwanda,0
uniqueid_11227 x Rwanda,0
uniqueid_11228 x Rwanda,0
uniqueid_11229 x Rwanda,0
uniqueid_11230 x Rwanda,0
uniqueid_11231 x Rwanda,0
uniqueid_11232 x Rwanda,1
uniqueid_11233 x Rwanda,0
uniqueid_11234 x Rwanda,0
uniqueid_11235 x Rwanda,0
uniqueid_11236 x Rwanda,0
uniqueid_11237 x Rwanda,0
uniqueid_11238 x Rwanda,0
uniqueid_11239 x Rwanda,0
uniqueid_11240 x Rwanda,0
uniqueid_11241 x Rwanda,0
uniqueid_11242 x Rwanda,0
uniqueid_11243 x Rwanda,0
uniqueid_11244 x Rwanda,0
uniqueid_11245 x Rwanda,0
uniqueid_11246 x Rwanda,0
uniqueid_11247 x Rwanda,0
uniqueid_11248 x Rwanda,0
uniqueid_11249 x Rwanda,0
uniqueid_11250 x Rwanda,0
uniqueid_11251 x Rwanda,0
uniqueid_11252 x Rwanda,0
uniqueid_11253 x Rwanda,0
uniqueid_11254 x Rwanda,0
uniqueid_11255 x Rwanda,0
uniqueid_11256 x Rwanda,0
uniqueid_11257 x Rwanda,0
uniqueid_11258 x Rwanda,0
uniqueid_11259 x Rwanda,0
uniqueid_11260 x Rwanda,0
uniqueid_11261 x Rwanda,0
uniqueid_11262 x Rwanda,0
uniqueid_11263 x Rwanda,0
uniqueid_11264 x Rwanda,0
uniqueid_11265 x Rwanda,0
uniqueid_11266 x Rwanda,0
uniqueid_11267 x Rwanda,0
uniqueid_11268 x Rwanda,1
uniqueid_11269 x Rwanda,0
uniqueid_11270 x Rwanda,0
uniqueid_11271 x Rwanda,0
uniqueid_11272 x Rwanda,0
uniqueid_11273 x Rwanda,0
uniqueid_11274 x Rwanda,0
uniqueid_11275 x Rwanda,0
uniqueid_11276 x Rwanda,0
uniqueid_11277 x Rwanda,0
uniqueid_11278 x Rwanda,0
uniqueid_11279 x Rwanda,0
uniqueid_11280 x Rwanda,0
uniqueid_11281 x Rwanda,0
uniqueid_11282 x Rwanda,0
uniqueid_11283 x Rwanda,0
uniqueid_11284 x Rwanda,0
uniqueid_11285 x Rwanda,0
uniqueid_11286 x Rwanda,0
uniqueid_11287 x Rwanda,0
uniqueid_11288 x Rwanda,0
uniqueid_11289 x Rwanda,0
uniqueid_11290 x Rwanda,0
uniqueid_11291 x Rwanda,0
uniqueid_11292 x Rwanda,0
uniqueid_11293 x Rwanda,0
uniqueid_11294 x Rwanda,0
uniqueid_11295 x Rwanda,0
uniqueid_11296 x Rwanda,0
uniqueid_11297 x Rwanda,0
uniqueid_11298 x Rwanda,0
uniqueid_11299 x Rwanda,0
uniqueid_11300 x Rwanda,0
uniqueid_11301 x Rwanda,0
uniqueid_11302 x Rwanda,0
uniqueid_11303 x Rwanda,0
uniqueid_11304 x Rwanda,0
uniqueid_11305 x Rwanda,0
uniqueid_11306 x Rwanda,0
uniqueid_11307 x Rwanda,0
uniqueid_11308 x Rwanda,0
uniqueid_11309 x Rwanda,0
uniqueid_11310 x Rwanda,0
uniqueid_11311 x Rwanda,0
uniqueid_11312 x Rwanda,0
uniqueid_11313 x Rwanda,0
uniqueid_11314 x Rwanda,0
uniqueid_11315 x Rwanda,0
uniqueid_11316 x Rwanda,0
uniqueid_11317 x Rwanda,0
uniqueid_11318 x Rwanda,0
uniqueid_11319 x Rwanda,0
uniqueid_11320 x Rwanda,0
uniqueid_11321 x Rwanda,0
uniqueid_11322 x Rwanda,0
uniqueid_11323 x Rwanda,0
uniqueid_11324 x Rwanda,0
uniqueid_11325 x Rwanda,0
uniqueid_11326 x Rwanda,0
uniqueid_11327 x Rwanda,0
uniqueid_11328 x Rwanda,0
uniqueid_11329 x Rwanda,0
uniqueid_11330 x Rwanda,0
uniqueid_11331 x Rwanda,0
uniqueid_11332 x Rwanda,0
uniqueid_11333 x Rwanda,0
uniqueid_11334 x Rwanda,0
uniqueid_11335 x Rwanda,0
uniqueid_11336 x Rwanda,0
uniqueid_11337 x Rwanda,0
uniqueid_11338 x Rwanda,0
uniqueid_11339 x Rwanda,0
uniqueid_11340 x Rwanda,0
uniqueid_11341 x Rwanda,0
uniqueid_11342 x Rwanda,0
uniqueid_11343 x Rwanda,0
uniqueid_11344 x Rwanda,0
uniqueid_11345 x Rwanda,0
uniqueid_11346 x Rwanda,0
uniqueid_11347 x Rwanda,0
uniqueid_11348 x Rwanda,0
uniqueid_11349 x Rwanda,0
uniqueid_11350 x Rwanda,0
uniqueid_11351 x Rwanda,0
uniqueid_11352 x Rwanda,0
uniqueid_11353 x Rwanda,0
uniqueid_11354 x Rwanda,0
uniqueid_11355 x Rwanda,0
uniqueid_11356 x Rwanda,0
uniqueid_11357 x Rwanda,0
uniqueid_11358 x Rwanda,0
uniqueid_11359 x Rwanda,0
uniqueid_11360 x Rwanda,0
uniqueid_11361 x Rwanda,0
uniqueid_11362 x Rwanda,0
uniqueid_11363 x Rwanda,0
uniqueid_11364 x Rwanda,0
uniqueid_11365 x Rwanda,0
uniqueid_11366 x Rwanda,0
uniqueid_11367 x Rwanda,0
uniqueid_11368 x Rwanda,0
uniqueid_11369 x Rwanda,0
uniqueid_11370 x Rwanda,0
uniqueid_11371 x Rwanda,0
uniqueid_11372 x Rwanda,0
uniqueid_11373 x Rwanda,0
uniqueid_11374 x Rwanda,0
uniqueid_11375 x Rwanda,0
uniqueid_11376 x Rwanda,0
uniqueid_11377 x Rwanda,0
uniqueid_11378 x Rwanda,0
uniqueid_11379 x Rwanda,0
uniqueid_11380 x Rwanda,0
uniqueid_11381 x Rwanda,0
uniqueid_11382 x Rwanda,0
uniqueid_11383 x Rwanda,0
uniqueid_11384 x Rwanda,0
uniqueid_11385 x Rwanda,0
uniqueid_11386 x Rwanda,0
uniqueid_11387 x Rwanda,0
uniqueid_11388 x Rwanda,0
uniqueid_11389 x Rwanda,0
uniqueid_11390 x Rwanda,0
uniqueid_11391 x Rwanda,0
uniqueid_11392 x Rwanda,0
uniqueid_11393 x Rwanda,0
uniqueid_11394 x Rwanda,0
uniqueid_11395 x Rwanda,0
uniqueid_11396 x Rwanda,0
uniqueid_11397 x Rwanda,0
uniqueid_11398 x Rwanda,0
uniqueid_11399 x Rwanda,0
uniqueid_11400 x Rwanda,0
uniqueid_11401 x Rwanda,0
uniqueid_11402 x Rwanda,0
uniqueid_11403 x Rwanda,0
uniqueid_11404 x Rwanda,0
uniqueid_11405 x Rwanda,0
uniqueid_11406 x Rwanda,0
uniqueid_11407 x Rwanda,0
uniqueid_11408 x Rwanda,0
uniqueid_11409 x Rwanda,0
uniqueid_11410 x Rwanda,0
uniqueid_11411 x Rwanda,0
uniqueid_11412 x Rwanda,0
uniqueid_11413 x Rwanda,0
uniqueid_11414 x Rwanda,0
uniqueid_11415 x Rwanda,0
uniqueid_11416 x Rwanda,0
uniqueid_11417 x Rwanda,0
uniqueid_11418 x Rwanda,0
uniqueid_11419 x Rwanda,0
uniqueid_11420 x Rwanda,0
uniqueid_11421 x Rwanda,0
uniqueid_11422 x Rwanda,0
uniqueid_11423 x Rwanda,0
uniqueid_11424 x Rwanda,0
uniqueid_11425 x Rwanda,0
uniqueid_11426 x Rwanda,0
uniqueid_11427 x Rwanda,0
uniqueid_11428 x Rwanda,0
uniqueid_11429 x Rwanda,0
uniqueid_11430 x Rwanda,0
uniqueid_11431 x Rwanda,0
uniqueid_11432 x Rwanda,0
uniqueid_11433 x Rwanda,0
uniqueid_11434 x Rwanda,0
uniqueid_11435 x Rwanda,0
uniqueid_11436 x Rwanda,0
uniqueid_11437 x Rwanda,0
uniqueid_11438 x Rwanda,0
uniqueid_11439 x Rwanda,0
uniqueid_11440 x Rwanda,0
uniqueid_11441 x Rwanda,0
uniqueid_11442 x Rwanda,0
uniqueid_11443 x Rwanda,0
uniqueid_11444 x Rwanda,0
uniqueid_11445 x Rwanda,0
uniqueid_11446 x Rwanda,0
uniqueid_11447 x Rwanda,0
uniqueid_11448 x Rwanda,0
uniqueid_11449 x Rwanda,0
uniqueid_11450 x Rwanda,0
uniqueid_11451 x Rwanda,0
uniqueid_11452 x Rwanda,0
uniqueid_11453 x Rwanda,0
uniqueid_11454 x Rwanda,0
uniqueid_11455 x Rwanda,0
uniqueid_11456 x Rwanda,0
uniqueid_11457 x Rwanda,0
uniqueid_11458 x Rwanda,0
uniqueid_11459 x Rwanda,0
uniqueid_11460 x Rwanda,0
uniqueid_11461 x Rwanda,0
uniqueid_11462 x Rwanda,0
uniqueid_11463 x Rwanda,0
uniqueid_11464 x Rwanda,0
uniqueid_11465 x Rwanda,0
uniqueid_11466 x Rwanda,0
uniqueid_11467 x Rwanda,0
uniqueid_11468 x Rwanda,0
uniqueid_11469 x Rwanda,0
uniqueid_11470 x Rwanda,0
uniqueid_11471 x Rwanda,0
uniqueid_11472 x Rwanda,0
uniqueid_11473 x Rwanda,0
uniqueid_11474 x Rwanda,0
uniqueid_11475 x Rwanda,0
uniqueid_11476 x Rwanda,0
uniqueid_11477 x Rwanda,0
uniqueid_11478 x Rwanda,0
uniqueid_11479 x Rwanda,0
uniqueid_11480 x Rwanda,0
uniqueid_11481 x Rwanda,0
uniqueid_11482 x Rwanda,0
uniqueid_11483 x Rwanda,0
uniqueid_11484 x Rwanda,0
uniqueid_11485 x Rwanda,0
uniqueid_11486 x Rwanda,0
uniqueid_11487 x Rwanda,0
uniqueid_11488 x Rwanda,0
uniqueid_11489 x Rwanda,0
uniqueid_11490 x Rwanda,0
uniqueid_11491 x Rwanda,0
uniqueid_11492 x Rwanda,0
uniqueid_11493 x Rwanda,0
uniqueid_11494 x Rwanda,0
uniqueid_11495 x Rwanda,0
uniqueid_11496 x Rwanda,0
uniqueid_11497 x Rwanda,0
uniqueid_11498 x Rwanda,0
uniqueid_11499 x Rwanda,0
uniqueid_11500 x Rwanda,0
uniqueid_11501 x Rwanda,0
uniqueid_11502 x Rwanda,0
uniqueid_11503 x Rwanda,0
uniqueid_11504 x Rwanda,0
uniqueid_11505 x Rwanda,0
uniqueid_11506 x Rwanda,0
uniqueid_11507 x Rwanda,0
uniqueid_11508 x Rwanda,0
uniqueid_11509 x Rwanda,0
uniqueid_11510 x Rwanda,0
uniqueid_11511 x Rwanda,0
uniqueid_11512 x Rwanda,0
uniqueid_11513 x Rwanda,0
uniqueid_11514 x Rwanda,0
uniqueid_11515 x Rwanda,0
uniqueid_11516 x Rwanda,0
uniqueid_11517 x Rwanda,0
uniqueid_11518 x Rwanda,0
uniqueid_11519 x Rwanda,0
uniqueid_11520 x Rwanda,0
uniqueid_11521 x Rwanda,0
uniqueid_11522 x Rwanda,0
uniqueid_11523 x Rwanda,0
uniqueid_11524 x Rwanda,0
uniqueid_11525 x Rwanda,0
uniqueid_11526 x Rwanda,0
uniqueid_11527 x Rwanda,0
uniqueid_11528 x Rwanda,0
uniqueid_11529 x Rwanda,0
uniqueid_11530 x Rwanda,0
uniqueid_11531 x Rwanda,0
uniqueid_11532 x Rwanda,0
uniqueid_11533 x Rwanda,0
uniqueid_11534 x Rwanda,0
uniqueid_11535 x Rwanda,0
uniqueid_11536 x Rwanda,0
uniqueid_11537 x Rwanda,0
uniqueid_11538 x Rwanda,0
uniqueid_11539 x Rwanda,1
uniqueid_11540 x Rwanda,0
uniqueid_11541 x Rwanda,0
uniqueid_11542 x Rwanda,0
uniqueid_11543 x Rwanda,0
uniqueid_11544 x Rwanda,0
uniqueid_11545 x Rwanda,0
uniqueid_11546 x Rwanda,0
uniqueid_11547 x Rwanda,0
uniqueid_11548 x Rwanda,0
uniqueid_11549 x Rwanda,0
uniqueid_11550 x Rwanda,0
uniqueid_11551 x Rwanda,0
uniqueid_11552 x Rwanda,0
uniqueid_11553 x Rwanda,0
uniqueid_11554 x Rwanda,0
uniqueid_11555 x Rwanda,0
uniqueid_11556 x Rwanda,0
uniqueid_11557 x Rwanda,0
uniqueid_11558 x Rwanda,0
uniqueid_11559 x Rwanda,0
uniqueid_11560 x Rwanda,0
uniqueid_11561 x Rwanda,0
uniqueid_11562 x Rwanda,0
uniqueid_11563 x Rwanda,0
uniqueid_11564 x Rwanda,0
uniqueid_11565 x Rwanda,0
uniqueid_11566 x Rwanda,0
uniqueid_11567 x Rwanda,0
uniqueid_11568 x Rwanda,0
uniqueid_11569 x Rwanda,0
uniqueid_11570 x Rwanda,0
uniqueid_11571 x Rwanda,0
uniqueid_11572 x Rwanda,0
uniqueid_11573 x Rwanda,0
uniqueid_11574 x Rwanda,0
uniqueid_11575 x Rwanda,0
uniqueid_11576 x Rwanda,0
uniqueid_11577 x Rwanda,0
uniqueid_11578 x Rwanda,0
uniqueid_11579 x Rwanda,0
uniqueid_11580 x Rwanda,0
uniqueid_11581 x Rwanda,0
uniqueid_11582 x Rwanda,0
uniqueid_11583 x Rwanda,0
uniqueid_11584 x Rwanda,0
uniqueid_11585 x Rwanda,0
uniqueid_11586 x Rwanda,0
uniqueid_11587 x Rwanda,0
uniqueid_11588 x Rwanda,0
uniqueid_11589 x Rwanda,0
uniqueid_11590 x Rwanda,0
uniqueid_11591 x Rwanda,0
uniqueid_11592 x Rwanda,0
uniqueid_11593 x Rwanda,1
uniqueid_11594 x Rwanda,0
uniqueid_11595 x Rwanda,0
uniqueid_11596 x Rwanda,0
uniqueid_11597 x Rwanda,0
uniqueid_11598 x Rwanda,0
uniqueid_11599 x Rwanda,0
uniqueid_11600 x Rwanda,0
uniqueid_11601 x Rwanda,0
uniqueid_11602 x Rwanda,0
uniqueid_11603 x Rwanda,0
uniqueid_11604 x Rwanda,0
uniqueid_11605 x Rwanda,0
uniqueid_11606 x Rwanda,0
uniqueid_11607 x Rwanda,0
uniqueid_11608 x Rwanda,0
uniqueid_11609 x Rwanda,0
uniqueid_11610 x Rwanda,0
uniqueid_11611 x Rwanda,0
uniqueid_11612 x Rwanda,0
uniqueid_11613 x Rwanda,0
uniqueid_11614 x Rwanda,0
uniqueid_11615 x Rwanda,0
uniqueid_11616 x Rwanda,0
uniqueid_11617 x Rwanda,0
uniqueid_11618 x Rwanda,0
uniqueid_11619 x Rwanda,0
uniqueid_11620 x Rwanda,0
uniqueid_11621 x Rwanda,0
uniqueid_11622 x Rwanda,0
uniqueid_11623 x Rwanda,0
uniqueid_11624 x Rwanda,0
uniqueid_11625 x Rwanda,0
uniqueid_11626 x Rwanda,0
uniqueid_11627 x Rwanda,0
uniqueid_11628 x Rwanda,0
uniqueid_11629 x Rwanda,0
uniqueid_11630 x Rwanda,0
uniqueid_11631 x Rwanda,0
uniqueid_11632 x Rwanda,0
uniqueid_11633 x Rwanda,0
uniqueid_11634 x Rwanda,0
uniqueid_11635 x Rwanda,0
uniqueid_11636 x Rwanda,0
uniqueid_11637 x Rwanda,0
uniqueid_11638 x Rwanda,0
uniqueid_11639 x Rwanda,0
uniqueid_11640 x Rwanda,0
uniqueid_11641 x Rwanda,0
uniqueid_11642 x Rwanda,0
uniqueid_11643 x Rwanda,0
uniqueid_11644 x Rwanda,0
uniqueid_11645 x Rwanda,0
uniqueid_11646 x Rwanda,0
uniqueid_11647 x Rwanda,0
uniqueid_11648 x Rwanda,0
uniqueid_11649 x Rwanda,0
uniqueid_11650 x Rwanda,0
uniqueid_11651 x Rwanda,0
uniqueid_11652 x Rwanda,0
uniqueid_11653 x Rwanda,0
uniqueid_11654 x Rwanda,0
uniqueid_11655 x Rwanda,0
uniqueid_11656 x Rwanda,0
uniqueid_11657 x Rwanda,0
uniqueid_11658 x Rwanda,0
uniqueid_11659 x Rwanda,0
uniqueid_11660 x Rwanda,0
uniqueid_11661 x Rwanda,0
uniqueid_11662 x Rwanda,0
uniqueid_11663 x Rwanda,0
uniqueid_11664 x Rwanda,0
uniqueid_11665 x Rwanda,0
uniqueid_11666 x Rwanda,0
uniqueid_11667 x Rwanda,0
uniqueid_11668 x Rwanda,0
uniqueid_11669 x Rwanda,0
uniqueid_11670 x Rwanda,0
uniqueid_11671 x Rwanda,0
uniqueid_11672 x Rwanda,0
uniqueid_11673 x Rwanda,0
uniqueid_11674 x Rwanda,0
uniqueid_11675 x Rwanda,0
uniqueid_11676 x Rwanda,0
uniqueid_11677 x Rwanda,0
uniqueid_11678 x Rwanda,0
uniqueid_11679 x Rwanda,0
uniqueid_11680 x Rwanda,0
uniqueid_11681 x Rwanda,0
uniqueid_11682 x Rwanda,0
uniqueid_11683 x Rwanda,0
uniqueid_11684 x Rwanda,0
uniqueid_11685 x Rwanda,0
uniqueid_11686 x Rwanda,0
uniqueid_11687 x Rwanda,0
uniqueid_11688 x Rwanda,0
uniqueid_11689 x Rwanda,0
uniqueid_11690 x Rwanda,0
uniqueid_11691 x Rwanda,0
uniqueid_11692 x Rwanda,0
uniqueid_11693 x Rwanda,0
uniqueid_11694 x Rwanda,0
uniqueid_11695 x Rwanda,0
uniqueid_11696 x Rwanda,0
uniqueid_11697 x Rwanda,0
uniqueid_11698 x Rwanda,0
uniqueid_11699 x Rwanda,0
uniqueid_11700 x Rwanda,0
uniqueid_11701 x Rwanda,0
uniqueid_11702 x Rwanda,0
uniqueid_11703 x Rwanda,0
uniqueid_11704 x Rwanda,0
uniqueid_11705 x Rwanda,0
uniqueid_11706 x Rwanda,0
uniqueid_11707 x Rwanda,0
uniqueid_11708 x Rwanda,0
uniqueid_11709 x Rwanda,0
uniqueid_11710 x Rwanda,0
uniqueid_11711 x Rwanda,0
uniqueid_11712 x Rwanda,0
uniqueid_11713 x Rwanda,0
uniqueid_11714 x Rwanda,0
uniqueid_11715 x Rwanda,0
uniqueid_11716 x Rwanda,0
uniqueid_11717 x Rwanda,0
uniqueid_11718 x Rwanda,0
uniqueid_11719 x Rwanda,0
uniqueid_11720 x Rwanda,0
uniqueid_11721 x Rwanda,0
uniqueid_11722 x Rwanda,0
uniqueid_11723 x Rwanda,1
uniqueid_11724 x Rwanda,0
uniqueid_11725 x Rwanda,0
uniqueid_11726 x Rwanda,0
uniqueid_11727 x Rwanda,0
uniqueid_11728 x Rwanda,0
uniqueid_11729 x Rwanda,0
uniqueid_11730 x Rwanda,0
uniqueid_11731 x Rwanda,0
uniqueid_11732 x Rwanda,0
uniqueid_11733 x Rwanda,0
uniqueid_11734 x Rwanda,0
uniqueid_11735 x Rwanda,0
uniqueid_11736 x Rwanda,0
uniqueid_11737 x Rwanda,0
uniqueid_11738 x Rwanda,0
uniqueid_11739 x Rwanda,0
uniqueid_11740 x Rwanda,0
uniqueid_11741 x Rwanda,0
uniqueid_11742 x Rwanda,0
uniqueid_11743 x Rwanda,0
uniqueid_11744 x Rwanda,0
uniqueid_11745 x Rwanda,0
uniqueid_11746 x Rwanda,0
uniqueid_11747 x Rwanda,0
uniqueid_11748 x Rwanda,0
uniqueid_11749 x Rwanda,0
uniqueid_11750 x Rwanda,0
uniqueid_11751 x Rwanda,0
uniqueid_11752 x Rwanda,0
uniqueid_11753 x Rwanda,0
uniqueid_11754 x Rwanda,0
uniqueid_11755 x Rwanda,0
uniqueid_11756 x Rwanda,0
uniqueid_11757 x Rwanda,0
uniqueid_11758 x Rwanda,0
uniqueid_11759 x Rwanda,0
uniqueid_11760 x Rwanda,0
uniqueid_11761 x Rwanda,0
uniqueid_11762 x Rwanda,0
uniqueid_11763 x Rwanda,0
uniqueid_11764 x Rwanda,0
uniqueid_11765 x Rwanda,0
uniqueid_11766 x Rwanda,0
uniqueid_11767 x Rwanda,0
uniqueid_11768 x Rwanda,0
uniqueid_11769 x Rwanda,0
uniqueid_11770 x Rwanda,0
uniqueid_11771 x Rwanda,0
uniqueid_11772 x Rwanda,0
uniqueid_11773 x Rwanda,0
uniqueid_11774 x Rwanda,0
uniqueid_11775 x Rwanda,0
uniqueid_11776 x Rwanda,0
uniqueid_11777 x Rwanda,0
uniqueid_11778 x Rwanda,0
uniqueid_11779 x Rwanda,0
uniqueid_11780 x Rwanda,0
uniqueid_11781 x Rwanda,0
uniqueid_11782 x Rwanda,0
uniqueid_11783 x Rwanda,0
uniqueid_11784 x Rwanda,0
uniqueid_11785 x Rwanda,0
uniqueid_11786 x Rwanda,0
uniqueid_11787 x Rwanda,0
uniqueid_11788 x Rwanda,0
uniqueid_11789 x Rwanda,0
uniqueid_11790 x Rwanda,0
uniqueid_11791 x Rwanda,0
uniqueid_11792 x Rwanda,0
uniqueid_11793 x Rwanda,0
uniqueid_11794 x Rwanda,0
uniqueid_11795 x Rwanda,0
uniqueid_11796 x Rwanda,0
uniqueid_11797 x Rwanda,0
uniqueid_11798 x Rwanda,0
uniqueid_11799 x Rwanda,0
uniqueid_11800 x Rwanda,0
uniqueid_11801 x Rwanda,0
uniqueid_11802 x Rwanda,0
uniqueid_11803 x Rwanda,0
uniqueid_11804 x Rwanda,0
uniqueid_11805 x Rwanda,0
uniqueid_11806 x Rwanda,0
uniqueid_11807 x Rwanda,0
uniqueid_11808 x Rwanda,0
uniqueid_11809 x Rwanda,0
uniqueid_11810 x Rwanda,0
uniqueid_11811 x Rwanda,0
uniqueid_11812 x Rwanda,0
uniqueid_11813 x Rwanda,0
uniqueid_11814 x Rwanda,0
uniqueid_11815 x Rwanda,0
uniqueid_11816 x Rwanda,0
uniqueid_11817 x Rwanda,0
uniqueid_11818 x Rwanda,0
uniqueid_11819 x Rwanda,0
uniqueid_11820 x Rwanda,0
uniqueid_11821 x Rwanda,0
uniqueid_11822 x Rwanda,0
uniqueid_11823 x Rwanda,0
uniqueid_11824 x Rwanda,0
uniqueid_11825 x Rwanda,0
uniqueid_11826 x Rwanda,0
uniqueid_11827 x Rwanda,0
uniqueid_11828 x Rwanda,0
uniqueid_11829 x Rwanda,0
uniqueid_11830 x Rwanda,0
uniqueid_11831 x Rwanda,0
uniqueid_11832 x Rwanda,0
uniqueid_11833 x Rwanda,0
uniqueid_11834 x Rwanda,0
uniqueid_11835 x Rwanda,0
uniqueid_11836 x Rwanda,0
uniqueid_11837 x Rwanda,0
uniqueid_11838 x Rwanda,0
uniqueid_11839 x Rwanda,0
uniqueid_11840 x Rwanda,0
uniqueid_11841 x Rwanda,0
uniqueid_11842 x Rwanda,0
uniqueid_11843 x Rwanda,0
uniqueid_11844 x Rwanda,0
uniqueid_11845 x Rwanda,0
uniqueid_11846 x Rwanda,0
uniqueid_11847 x Rwanda,0
uniqueid_11848 x Rwanda,0
uniqueid_11849 x Rwanda,0
uniqueid_11850 x Rwanda,0
uniqueid_11851 x Rwanda,0
uniqueid_11852 x Rwanda,0
uniqueid_11853 x Rwanda,0
uniqueid_11854 x Rwanda,0
uniqueid_11855 x Rwanda,0
uniqueid_11856 x Rwanda,0
uniqueid_11857 x Rwanda,0
uniqueid_11858 x Rwanda,0
uniqueid_11859 x Rwanda,0
uniqueid_11860 x Rwanda,0
uniqueid_11861 x Rwanda,0
uniqueid_11862 x Rwanda,0
uniqueid_11863 x Rwanda,0
uniqueid_11864 x Rwanda,0
uniqueid_11865 x Rwanda,0
uniqueid_11866 x Rwanda,0
uniqueid_11867 x Rwanda,0
uniqueid_11868 x Rwanda,0
uniqueid_11869 x Rwanda,0
uniqueid_11870 x Rwanda,0
uniqueid_11871 x Rwanda,0
uniqueid_11872 x Rwanda,0
uniqueid_11873 x Rwanda,0
uniqueid_11874 x Rwanda,0
uniqueid_11875 x Rwanda,0
uniqueid_11876 x Rwanda,0
uniqueid_11877 x Rwanda,0
uniqueid_11878 x Rwanda,0
uniqueid_11879 x Rwanda,0
uniqueid_11880 x Rwanda,0
uniqueid_11881 x Rwanda,0
uniqueid_11882 x Rwanda,0
uniqueid_11883 x Rwanda,0
uniqueid_11884 x Rwanda,0
uniqueid_11885 x Rwanda,0
uniqueid_11886 x Rwanda,0
uniqueid_11887 x Rwanda,0
uniqueid_11888 x Rwanda,0
uniqueid_11889 x Rwanda,0
uniqueid_11890 x Rwanda,0
uniqueid_11891 x Rwanda,0
uniqueid_11892 x Rwanda,0
uniqueid_11893 x Rwanda,0
uniqueid_11894 x Rwanda,0
uniqueid_11895 x Rwanda,0
uniqueid_11896 x Rwanda,0
uniqueid_11897 x Rwanda,0
uniqueid_11898 x Rwanda,0
uniqueid_11899 x Rwanda,0
uniqueid_11900 x Rwanda,0
uniqueid_11901 x Rwanda,0
uniqueid_11902 x Rwanda,0
uniqueid_11903 x Rwanda,0
uniqueid_11904 x Rwanda,0
uniqueid_11905 x Rwanda,0
uniqueid_11906 x Rwanda,0
uniqueid_11907 x Rwanda,0
uniqueid_11908 x Rwanda,0
uniqueid_11909 x Rwanda,0
uniqueid_11910 x Rwanda,0
uniqueid_11911 x Rwanda,0
uniqueid_11912 x Rwanda,0
uniqueid_11913 x Rwanda,0
uniqueid_11914 x Rwanda,0
uniqueid_11915 x Rwanda,0
uniqueid_11916 x Rwanda,0
uniqueid_11917 x Rwanda,0
uniqueid_11918 x Rwanda,0
uniqueid_11919 x Rwanda,0
uniqueid_11920 x Rwanda,1
uniqueid_11921 x Rwanda,0
uniqueid_11922 x Rwanda,0
uniqueid_11923 x Rwanda,0
uniqueid_11924 x Rwanda,0
uniqueid_11925 x Rwanda,0
uniqueid_11926 x Rwanda,0
uniqueid_11927 x Rwanda,0
uniqueid_11928 x Rwanda,0
uniqueid_11929 x Rwanda,0
uniqueid_11930 x Rwanda,0
uniqueid_11931 x Rwanda,0
uniqueid_11932 x Rwanda,0
uniqueid_11933 x Rwanda,0
uniqueid_11934 x Rwanda,0
uniqueid_11935 x Rwanda,0
uniqueid_11936 x Rwanda,0
uniqueid_11937 x Rwanda,0
uniqueid_11938 x Rwanda,0
uniqueid_11939 x Rwanda,0
uniqueid_11940 x Rwanda,0
uniqueid_11941 x Rwanda,0
uniqueid_11942 x Rwanda,0
uniqueid_11943 x Rwanda,0
uniqueid_11944 x Rwanda,0
uniqueid_11945 x Rwanda,0
uniqueid_11946 x Rwanda,0
uniqueid_11947 x Rwanda,0
uniqueid_11948 x Rwanda,0
uniqueid_11949 x Rwanda,0
uniqueid_11950 x Rwanda,0
uniqueid_11951 x Rwanda,0
uniqueid_11952 x Rwanda,0
uniqueid_11953 x Rwanda,0
uniqueid_11954 x Rwanda,0
uniqueid_11955 x Rwanda,0
uniqueid_11956 x Rwanda,0
uniqueid_11957 x Rwanda,0
uniqueid_11958 x Rwanda,0
uniqueid_11959 x Rwanda,0
uniqueid_11960 x Rwanda,0
uniqueid_11961 x Rwanda,0
uniqueid_11962 x Rwanda,0
uniqueid_11963 x Rwanda,0
uniqueid_11964 x Rwanda,0
uniqueid_11965 x Rwanda,0
uniqueid_11966 x Rwanda,0
uniqueid_11967 x Rwanda,0
uniqueid_11968 x Rwanda,0
uniqueid_11969 x Rwanda,0
uniqueid_11970 x Rwanda,0
uniqueid_11971 x Rwanda,0
uniqueid_11972 x Rwanda,0
uniqueid_11973 x Rwanda,0
uniqueid_11974 x Rwanda,0
uniqueid_11975 x Rwanda,0
uniqueid_11976 x Rwanda,0
uniqueid_11977 x Rwanda,0
uniqueid_11978 x Rwanda,0
uniqueid_11979 x Rwanda,0
uniqueid_11980 x Rwanda,0
uniqueid_11981 x Rwanda,0
uniqueid_11982 x Rwanda,0
uniqueid_11983 x Rwanda,0
uniqueid_11984 x Rwanda,0
uniqueid_11985 x Rwanda,0
uniqueid_11986 x Rwanda,0
uniqueid_11987 x Rwanda,0
uniqueid_11988 x Rwanda,0
uniqueid_11989 x Rwanda,0
uniqueid_11990 x Rwanda,1
uniqueid_11991 x Rwanda,0
uniqueid_11992 x Rwanda,0
uniqueid_11993 x Rwanda,0
uniqueid_11994 x Rwanda,0
uniqueid_11995 x Rwanda,0
uniqueid_11996 x Rwanda,0
uniqueid_11997 x Rwanda,0
uniqueid_11998 x Rwanda,0
uniqueid_11999 x Rwanda,0
uniqueid_12000 x Rwanda,0
uniqueid_12001 x Rwanda,0
uniqueid_12002 x Rwanda,0
uniqueid_12003 x Rwanda,0
uniqueid_12004 x Rwanda,0
uniqueid_12005 x Rwanda,0
uniqueid_12006 x Rwanda,0
uniqueid_12007 x Rwanda,0
uniqueid_12008 x Rwanda,0
uniqueid_12009 x Rwanda,0
uniqueid_12010 x Rwanda,0
uniqueid_12011 x Rwanda,0
uniqueid_12012 x Rwanda,0
uniqueid_12013 x Rwanda,0
uniqueid_12014 x Rwanda,0
uniqueid_12015 x Rwanda,0
uniqueid_12016 x Rwanda,0
uniqueid_12017 x Rwanda,0
uniqueid_12018 x Rwanda,0
uniqueid_12019 x Rwanda,0
uniqueid_12020 x Rwanda,1
uniqueid_12021 x Rwanda,0
uniqueid_12022 x Rwanda,0
uniqueid_12023 x Rwanda,0
uniqueid_12024 x Rwanda,0
uniqueid_12025 x Rwanda,0
uniqueid_12026 x Rwanda,0
uniqueid_12027 x Rwanda,0
uniqueid_12028 x Rwanda,0
uniqueid_12029 x Rwanda,0
uniqueid_12030 x Rwanda,0
uniqueid_12031 x Rwanda,0
uniqueid_12032 x Rwanda,0
uniqueid_12033 x Rwanda,0
uniqueid_12034 x Rwanda,0
uniqueid_12035 x Rwanda,0
uniqueid_12036 x Rwanda,0
uniqueid_12037 x Rwanda,0
uniqueid_12038 x Rwanda,0
uniqueid_12039 x Rwanda,0
uniqueid_12040 x Rwanda,0
uniqueid_12041 x Rwanda,0
uniqueid_12042 x Rwanda,0
uniqueid_12043 x Rwanda,0
uniqueid_12044 x Rwanda,0
uniqueid_12045 x Rwanda,0
uniqueid_12046 x Rwanda,0
uniqueid_12047 x Rwanda,0
uniqueid_12048 x Rwanda,0
uniqueid_12049 x Rwanda,0
uniqueid_12050 x Rwanda,0
uniqueid_12051 x Rwanda,1
uniqueid_12052 x Rwanda,0
uniqueid_12053 x Rwanda,0
uniqueid_12054 x Rwanda,0
uniqueid_12055 x Rwanda,1
uniqueid_12056 x Rwanda,0
uniqueid_12057 x Rwanda,0
uniqueid_12058 x Rwanda,0
uniqueid_12059 x Rwanda,0
uniqueid_12060 x Rwanda,0
uniqueid_12061 x Rwanda,0
uniqueid_12062 x Rwanda,0
uniqueid_12063 x Rwanda,0
uniqueid_12064 x Rwanda,0
uniqueid_12065 x Rwanda,0
uniqueid_12066 x Rwanda,0
uniqueid_12067 x Rwanda,0
uniqueid_12068 x Rwanda,0
uniqueid_12069 x Rwanda,0
uniqueid_12070 x Rwanda,0
uniqueid_12071 x Rwanda,0
uniqueid_12072 x Rwanda,0
uniqueid_12073 x Rwanda,0
uniqueid_12074 x Rwanda,0
uniqueid_12075 x Rwanda,0
uniqueid_12076 x Rwanda,0
uniqueid_12077 x Rwanda,0
uniqueid_12078 x Rwanda,0
uniqueid_12079 x Rwanda,0
uniqueid_12080 x Rwanda,0
uniqueid_12081 x Rwanda,0
uniqueid_12082 x Rwanda,0
uniqueid_12083 x Rwanda,0
uniqueid_12084 x Rwanda,0
uniqueid_12085 x Rwanda,0
uniqueid_12086 x Rwanda,0
uniqueid_12087 x Rwanda,0
uniqueid_12088 x Rwanda,0
uniqueid_12089 x Rwanda,0
uniqueid_12090 x Rwanda,0
uniqueid_12091 x Rwanda,0
uniqueid_12092 x Rwanda,0
uniqueid_12093 x Rwanda,0
uniqueid_12094 x Rwanda,0
uniqueid_12095 x Rwanda,0
uniqueid_12096 x Rwanda,0
uniqueid_12097 x Rwanda,0
uniqueid_12098 x Rwanda,0
uniqueid_12099 x Rwanda,0
uniqueid_12100 x Rwanda,0
uniqueid_12101 x Rwanda,0
uniqueid_12102 x Rwanda,0
uniqueid_12103 x Rwanda,0
uniqueid_12104 x Rwanda,0
uniqueid_12105 x Rwanda,0
uniqueid_12106 x Rwanda,0
uniqueid_12107 x Rwanda,0
uniqueid_12108 x Rwanda,0
uniqueid_12109 x Rwanda,0
uniqueid_12110 x Rwanda,0
uniqueid_12111 x Rwanda,0
uniqueid_12112 x Rwanda,0
uniqueid_12113 x Rwanda,0
uniqueid_12114 x Rwanda,0
uniqueid_12115 x Rwanda,0
uniqueid_12116 x Rwanda,0
uniqueid_12117 x Rwanda,0
uniqueid_12118 x Rwanda,0
uniqueid_12119 x Rwanda,0
uniqueid_12120 x Rwanda,0
uniqueid_12121 x Rwanda,0
uniqueid_12122 x Rwanda,0
uniqueid_12123 x Rwanda,0
uniqueid_12124 x Rwanda,0
uniqueid_12125 x Rwanda,0
uniqueid_12126 x Rwanda,0
uniqueid_12127 x Rwanda,0
uniqueid_12128 x Rwanda,0
uniqueid_12129 x Rwanda,0
uniqueid_12130 x Rwanda,0
uniqueid_12131 x Rwanda,0
uniqueid_12132 x Rwanda,0
uniqueid_12133 x Rwanda,0
uniqueid_12134 x Rwanda,0
uniqueid_12135 x Rwanda,0
uniqueid_12136 x Rwanda,0
uniqueid_12137 x Rwanda,0
uniqueid_12138 x Rwanda,0
uniqueid_12139 x Rwanda,0
uniqueid_12140 x Rwanda,0
uniqueid_12141 x Rwanda,0
uniqueid_12142 x Rwanda,0
uniqueid_12143 x Rwanda,0
uniqueid_12144 x Rwanda,1
uniqueid_12145 x Rwanda,0
uniqueid_12146 x Rwanda,0
uniqueid_12147 x Rwanda,0
uniqueid_12148 x Rwanda,0
uniqueid_12149 x Rwanda,0
uniqueid_12150 x Rwanda,0
uniqueid_12151 x Rwanda,0
uniqueid_12152 x Rwanda,0
uniqueid_12153 x Rwanda,0
uniqueid_12154 x Rwanda,0
uniqueid_12155 x Rwanda,0
uniqueid_12156 x Rwanda,0
uniqueid_12157 x Rwanda,0
uniqueid_12158 x Rwanda,0
uniqueid_12159 x Rwanda,0
uniqueid_12160 x Rwanda,0
uniqueid_12161 x Rwanda,0
uniqueid_12162 x Rwanda,0
uniqueid_12163 x Rwanda,0
uniqueid_12164 x Rwanda,0
uniqueid_12165 x Rwanda,0
uniqueid_12166 x Rwanda,0
uniqueid_12167 x Rwanda,0
uniqueid_12168 x Rwanda,0
uniqueid_12169 x Rwanda,0
uniqueid_12170 x Rwanda,0
uniqueid_12171 x Rwanda,0
uniqueid_12172 x Rwanda,0
uniqueid_12173 x Rwanda,0
uniqueid_12174 x Rwanda,0
uniqueid_12175 x Rwanda,0
uniqueid_12176 x Rwanda,0
uniqueid_12177 x Rwanda,0
uniqueid_12178 x Rwanda,0
uniqueid_12179 x Rwanda,0
uniqueid_12180 x Rwanda,0
uniqueid_12181 x Rwanda,0
uniqueid_12182 x Rwanda,0
uniqueid_12183 x Rwanda,0
uniqueid_12184 x Rwanda,0
uniqueid_12185 x Rwanda,0
uniqueid_12186 x Rwanda,0
uniqueid_12187 x Rwanda,0
uniqueid_12188 x Rwanda,0
uniqueid_12189 x Rwanda,0
uniqueid_12190 x Rwanda,0
uniqueid_12191 x Rwanda,0
uniqueid_12192 x Rwanda,0
uniqueid_12193 x Rwanda,0
uniqueid_12194 x Rwanda,0
uniqueid_12195 x Rwanda,0
uniqueid_12196 x Rwanda,0
uniqueid_12197 x Rwanda,0
uniqueid_12198 x Rwanda,0
uniqueid_12199 x Rwanda,0
uniqueid_12200 x Rwanda,0
uniqueid_12201 x Rwanda,0
uniqueid_12202 x Rwanda,0
uniqueid_12203 x Rwanda,0
uniqueid_12204 x Rwanda,1
uniqueid_12205 x Rwanda,0
uniqueid_12206 x Rwanda,0
uniqueid_12207 x Rwanda,0
uniqueid_12208 x Rwanda,0
uniqueid_12209 x Rwanda,0
uniqueid_12210 x Rwanda,0
uniqueid_12211 x Rwanda,0
uniqueid_12212 x Rwanda,0
uniqueid_12213 x Rwanda,0
uniqueid_12214 x Rwanda,0
uniqueid_12215 x Rwanda,0
uniqueid_12216 x Rwanda,0
uniqueid_12217 x Rwanda,0
uniqueid_12218 x Rwanda,0
uniqueid_12219 x Rwanda,0
uniqueid_12220 x Rwanda,0
uniqueid_12221 x Rwanda,0
uniqueid_12222 x Rwanda,0
uniqueid_12223 x Rwanda,0
uniqueid_12224 x Rwanda,0
uniqueid_12225 x Rwanda,0
uniqueid_12226 x Rwanda,0
uniqueid_12227 x Rwanda,0
uniqueid_12228 x Rwanda,0
uniqueid_12229 x Rwanda,0
uniqueid_12230 x Rwanda,0
uniqueid_12231 x Rwanda,0
uniqueid_12232 x Rwanda,0
uniqueid_12233 x Rwanda,0
uniqueid_12234 x Rwanda,0
uniqueid_12235 x Rwanda,0
uniqueid_12236 x Rwanda,0
uniqueid_12237 x Rwanda,0
uniqueid_12238 x Rwanda,0
uniqueid_12239 x Rwanda,0
uniqueid_12240 x Rwanda,0
uniqueid_12241 x Rwanda,0
uniqueid_12242 x Rwanda,0
uniqueid_12243 x Rwanda,0
uniqueid_12244 x Rwanda,0
uniqueid_12245 x Rwanda,0
uniqueid_12246 x Rwanda,0
uniqueid_12247 x Rwanda,0
uniqueid_12248 x Rwanda,1
uniqueid_12249 x Rwanda,0
uniqueid_12250 x Rwanda,1
uniqueid_12251 x Rwanda,0
uniqueid_12252 x Rwanda,0
uniqueid_12253 x Rwanda,0
uniqueid_12254 x Rwanda,0
uniqueid_12255 x Rwanda,0
uniqueid_12256 x Rwanda,0
uniqueid_12257 x Rwanda,0
uniqueid_12258 x Rwanda,0
uniqueid_12259 x Rwanda,0
uniqueid_12260 x Rwanda,0
uniqueid_12261 x Rwanda,0
uniqueid_12262 x Rwanda,0
uniqueid_12263 x Rwanda,0
uniqueid_12264 x Rwanda,0
uniqueid_12265 x Rwanda,0
uniqueid_12266 x Rwanda,0
uniqueid_12267 x Rwanda,0
uniqueid_12268 x Rwanda,0
uniqueid_12269 x Rwanda,0
uniqueid_12270 x Rwanda,0
uniqueid_12271 x Rwanda,0
uniqueid_12272 x Rwanda,0
uniqueid_12273 x Rwanda,0
uniqueid_12274 x Rwanda,0
uniqueid_12275 x Rwanda,0
uniqueid_12276 x Rwanda,0
uniqueid_12277 x Rwanda,0
uniqueid_12278 x Rwanda,0
uniqueid_12279 x Rwanda,0
uniqueid_12280 x Rwanda,0
uniqueid_12281 x Rwanda,0
uniqueid_12282 x Rwanda,0
uniqueid_12283 x Rwanda,0
uniqueid_12284 x Rwanda,0
uniqueid_12285 x Rwanda,0
uniqueid_12286 x Rwanda,0
uniqueid_12287 x Rwanda,0
uniqueid_12288 x Rwanda,0
uniqueid_12289 x Rwanda,0
uniqueid_12290 x Rwanda,0
uniqueid_12291 x Rwanda,0
uniqueid_12292 x Rwanda,0
uniqueid_12293 x Rwanda,0
uniqueid_12294 x Rwanda,0
uniqueid_12295 x Rwanda,0
uniqueid_12296 x Rwanda,0
uniqueid_12297 x Rwanda,0
uniqueid_12298 x Rwanda,0
uniqueid_12299 x Rwanda,0
uniqueid_12300 x Rwanda,0
uniqueid_12301 x Rwanda,0
uniqueid_12302 x Rwanda,0
uniqueid_12303 x Rwanda,0
uniqueid_12304 x Rwanda,0
uniqueid_12305 x Rwanda,0
uniqueid_12306 x Rwanda,0
uniqueid_12307 x Rwanda,0
uniqueid_12308 x Rwanda,0
uniqueid_12309 x Rwanda,0
uniqueid_12310 x Rwanda,0
uniqueid_12311 x Rwanda,0
uniqueid_12312 x Rwanda,0
uniqueid_12313 x Rwanda,0
uniqueid_12314 x Rwanda,0
uniqueid_12315 x Rwanda,0
uniqueid_12316 x Rwanda,0
uniqueid_12317 x Rwanda,0
uniqueid_12318 x Rwanda,0
uniqueid_12319 x Rwanda,0
uniqueid_12320 x Rwanda,0
uniqueid_12321 x Rwanda,0
uniqueid_12322 x Rwanda,0
uniqueid_12323 x Rwanda,0
uniqueid_12324 x Rwanda,0
uniqueid_12325 x Rwanda,0
uniqueid_12326 x Rwanda,0
uniqueid_12327 x Rwanda,0
uniqueid_12328 x Rwanda,0
uniqueid_12329 x Rwanda,0
uniqueid_12330 x Rwanda,0
uniqueid_12331 x Rwanda,0
uniqueid_12332 x Rwanda,0
uniqueid_12333 x Rwanda,1
uniqueid_12334 x Rwanda,0
uniqueid_12335 x Rwanda,0
uniqueid_12336 x Rwanda,0
uniqueid_12337 x Rwanda,0
uniqueid_12338 x Rwanda,0
uniqueid_12339 x Rwanda,0
uniqueid_12340 x Rwanda,0
uniqueid_12341 x Rwanda,0
uniqueid_12342 x Rwanda,0
uniqueid_12343 x Rwanda,0
uniqueid_12344 x Rwanda,0
uniqueid_12345 x Rwanda,0
uniqueid_12346 x Rwanda,0
uniqueid_12347 x Rwanda,0
uniqueid_12348 x Rwanda,0
uniqueid_12349 x Rwanda,0
uniqueid_12350 x Rwanda,0
uniqueid_12351 x Rwanda,0
uniqueid_12352 x Rwanda,0
uniqueid_12353 x Rwanda,0
uniqueid_12354 x Rwanda,0
uniqueid_12355 x Rwanda,0
uniqueid_12356 x Rwanda,0
uniqueid_12357 x Rwanda,0
uniqueid_12358 x Rwanda,0
uniqueid_12359 x Rwanda,0
uniqueid_12360 x Rwanda,0
uniqueid_12361 x Rwanda,1
uniqueid_12362 x Rwanda,0
uniqueid_12363 x Rwanda,1
uniqueid_12364 x Rwanda,0
uniqueid_12365 x Rwanda,0
uniqueid_12366 x Rwanda,0
uniqueid_12367 x Rwanda,0
uniqueid_12368 x Rwanda,0
uniqueid_12369 x Rwanda,0
uniqueid_12370 x Rwanda,0
uniqueid_12371 x Rwanda,0
uniqueid_12372 x Rwanda,0
uniqueid_12373 x Rwanda,0
uniqueid_12374 x Rwanda,0
uniqueid_12375 x Rwanda,0
uniqueid_12376 x Rwanda,0
uniqueid_12377 x Rwanda,0
uniqueid_12378 x Rwanda,0
uniqueid_12379 x Rwanda,0
uniqueid_12380 x Rwanda,0
uniqueid_12381 x Rwanda,0
uniqueid_12382 x Rwanda,0
uniqueid_12383 x Rwanda,0
uniqueid_12384 x Rwanda,0
uniqueid_12385 x Rwanda,0
uniqueid_12386 x Rwanda,0
uniqueid_12387 x Rwanda,0
uniqueid_12388 x Rwanda,0
uniqueid_12389 x Rwanda,0
uniqueid_12390 x Rwanda,0
uniqueid_12391 x Rwanda,0
uniqueid_12392 x Rwanda,0
uniqueid_12393 x Rwanda,0
uniqueid_12394 x Rwanda,0
uniqueid_12395 x Rwanda,0
uniqueid_12396 x Rwanda,0
uniqueid_12397 x Rwanda,0
uniqueid_12398 x Rwanda,0
uniqueid_12399 x Rwanda,0
uniqueid_12400 x Rwanda,0
uniqueid_12401 x Rwanda,0
uniqueid_12402 x Rwanda,0
uniqueid_12403 x Rwanda,0
uniqueid_12404 x Rwanda,0
uniqueid_12405 x Rwanda,0
uniqueid_12406 x Rwanda,0
uniqueid_12407 x Rwanda,0
uniqueid_12408 x Rwanda,0
uniqueid_12409 x Rwanda,0
uniqueid_12410 x Rwanda,0
uniqueid_12411 x Rwanda,0
uniqueid_12412 x Rwanda,0
uniqueid_12413 x Rwanda,0
uniqueid_12414 x Rwanda,0
uniqueid_12415 x Rwanda,0
uniqueid_12416 x Rwanda,0
uniqueid_12417 x Rwanda,0
uniqueid_12418 x Rwanda,0
uniqueid_12419 x Rwanda,0
uniqueid_12420 x Rwanda,0
uniqueid_12421 x Rwanda,0
uniqueid_12422 x Rwanda,0
uniqueid_12423 x Rwanda,0
uniqueid_12424 x Rwanda,0
uniqueid_12425 x Rwanda,0
uniqueid_12426 x Rwanda,0
uniqueid_12427 x Rwanda,0
uniqueid_12428 x Rwanda,0
uniqueid_12429 x Rwanda,0
uniqueid_12430 x Rwanda,0
uniqueid_12431 x Rwanda,0
uniqueid_12432 x Rwanda,0
uniqueid_12433 x Rwanda,0
uniqueid_12434 x Rwanda,0
uniqueid_12435 x Rwanda,0
uniqueid_12436 x Rwanda,0
uniqueid_12437 x Rwanda,0
uniqueid_12438 x Rwanda,0
uniqueid_12439 x Rwanda,0
uniqueid_12440 x Rwanda,0
uniqueid_12441 x Rwanda,0
uniqueid_12442 x Rwanda,0
uniqueid_12443 x Rwanda,0
uniqueid_12444 x Rwanda,0
uniqueid_12445 x Rwanda,0
uniqueid_12446 x Rwanda,0
uniqueid_12447 x Rwanda,0
uniqueid_12448 x Rwanda,0
uniqueid_12449 x Rwanda,0
uniqueid_12450 x Rwanda,0
uniqueid_12451 x Rwanda,0
uniqueid_12452 x Rwanda,0
uniqueid_12453 x Rwanda,0
uniqueid_12454 x Rwanda,0
uniqueid_12455 x Rwanda,0
uniqueid_12456 x Rwanda,0
uniqueid_12457 x Rwanda,0
uniqueid_12458 x Rwanda,0
uniqueid_12459 x Rwanda,0
uniqueid_12460 x Rwanda,0
uniqueid_12461 x Rwanda,0
uniqueid_12462 x Rwanda,0
uniqueid_12463 x Rwanda,0
uniqueid_12464 x Rwanda,0
uniqueid_12465 x Rwanda,0
uniqueid_12466 x Rwanda,0
uniqueid_12467 x Rwanda,0
uniqueid_12468 x Rwanda,0
uniqueid_12469 x Rwanda,0
uniqueid_12470 x Rwanda,0
uniqueid_12471 x Rwanda,0
uniqueid_12472 x Rwanda,0
uniqueid_12473 x Rwanda,0
uniqueid_12474 x Rwanda,0
uniqueid_12475 x Rwanda,0
uniqueid_12476 x Rwanda,0
uniqueid_12477 x Rwanda,0
uniqueid_12478 x Rwanda,0
uniqueid_12479 x Rwanda,0
uniqueid_12480 x Rwanda,0
uniqueid_6490 x Tanzania,0
uniqueid_6498 x Tanzania,0
uniqueid_6502 x Tanzania,0
uniqueid_6504 x Tanzania,1
uniqueid_6524 x Tanzania,0
uniqueid_6544 x Tanzania,1
uniqueid_6551 x Tanzania,1
uniqueid_6562 x Tanzania,0
uniqueid_6569 x Tanzania,0
uniqueid_6574 x Tanzania,0
uniqueid_6580 x Tanzania,0
uniqueid_6583 x Tanzania,0
uniqueid_6594 x Tanzania,0
uniqueid_6598 x Tanzania,1
uniqueid_6600 x Tanzania,0
uniqueid_6604 x Tanzania,1
uniqueid_6618 x Tanzania,1
uniqueid_6638 x Tanzania,0
uniqueid_6639 x Tanzania,0
uniqueid_6640 x Tanzania,1
uniqueid_6641 x Tanzania,0
uniqueid_6642 x Tanzania,0
uniqueid_6643 x Tanzania,0
uniqueid_6644 x Tanzania,0
uniqueid_6645 x Tanzania,0
uniqueid_6646 x Tanzania,0
uniqueid_6647 x Tanzania,0
uniqueid_6648 x Tanzania,0
uniqueid_6649 x Tanzania,0
uniqueid_6650 x Tanzania,0
uniqueid_6651 x Tanzania,0
uniqueid_6652 x Tanzania,0
uniqueid_6653 x Tanzania,0
uniqueid_6654 x Tanzania,0
uniqueid_6655 x Tanzania,0
uniqueid_6656 x Tanzania,0
uniqueid_6657 x Tanzania,0
uniqueid_6658 x Tanzania,1
uniqueid_6659 x Tanzania,0
uniqueid_6660 x Tanzania,0
uniqueid_6661 x Tanzania,0
uniqueid_6662 x Tanzania,0
uniqueid_6663 x Tanzania,0
uniqueid_6664 x Tanzania,0
uniqueid_6665 x Tanzania,0
uniqueid_6666 x Tanzania,0
uniqueid_6667 x Tanzania,0
uniqueid_6668 x Tanzania,0
uniqueid_6669 x Tanzania,0
uniqueid_6670 x Tanzania,0
uniqueid_6671 x Tanzania,0
uniqueid_6672 x Tanzania,0
uniqueid_6673 x Tanzania,1
uniqueid_6674 x Tanzania,0
uniqueid_6675 x Tanzania,0
uniqueid_6676 x Tanzania,0
uniqueid_6677 x Tanzania,0
uniqueid_6678 x Tanzania,0
uniqueid_6679 x Tanzania,0
uniqueid_6680 x Tanzania,0
uniqueid_6681 x Tanzania,0
uniqueid_6682 x Tanzania,0
uniqueid_6683 x Tanzania,0
uniqueid_6684 x Tanzania,0
uniqueid_6685 x Tanzania,1
uniqueid_6686 x Tanzania,0
uniqueid_6687 x Tanzania,0
uniqueid_6688 x Tanzania,0
uniqueid_6689 x Tanzania,0
uniqueid_6690 x Tanzania,0
uniqueid_6691 x Tanzania,0
uniqueid_6692 x Tanzania,0
uniqueid_6693 x Tanzania,0
uniqueid_6694 x Tanzania,0
uniqueid_6695 x Tanzania,0
uniqueid_6696 x Tanzania,0
uniqueid_6697 x Tanzania,0
uniqueid_6698 x Tanzania,0
uniqueid_6699 x Tanzania,0
uniqueid_6700 x Tanzania,0
uniqueid_6701 x Tanzania,0
uniqueid_6702 x Tanzania,0
uniqueid_6703 x Tanzania,0
uniqueid_6704 x Tanzania,0
uniqueid_6705 x Tanzania,0
uniqueid_6706 x Tanzania,0
uniqueid_6707 x Tanzania,0
uniqueid_6708 x Tanzania,0
uniqueid_6709 x Tanzania,0
uniqueid_6710 x Tanzania,0
uniqueid_6711 x Tanzania,0
uniqueid_6712 x Tanzania,0
uniqueid_6713 x Tanzania,0
uniqueid_6714 x Tanzania,0
uniqueid_6715 x Tanzania,0
uniqueid_6716 x Tanzania,0
uniqueid_6717 x Tanzania,0
uniqueid_6718 x Tanzania,1
uniqueid_6719 x Tanzania,0
uniqueid_6720 x Tanzania,0
uniqueid_6721 x Tanzania,0
uniqueid_6722 x Tanzania,0
uniqueid_6723 x Tanzania,0
uniqueid_6724 x Tanzania,0
uniqueid_6725 x Tanzania,0
uniqueid_6726 x Tanzania,0
uniqueid_6727 x Tanzania,0
uniqueid_6728 x Tanzania,0
uniqueid_6729 x Tanzania,0
uniqueid_6730 x Tanzania,0
uniqueid_6731 x Tanzania,0
uniqueid_6732 x Tanzania,0
uniqueid_6733 x Tanzania,0
uniqueid_6734 x Tanzania,0
uniqueid_6735 x Tanzania,0
uniqueid_6736 x Tanzania,0
uniqueid_6737 x Tanzania,0
uniqueid_6738 x Tanzania,0
uniqueid_6739 x Tanzania,0
uniqueid_6740 x Tanzania,0
uniqueid_6741 x Tanzania,0
uniqueid_6742 x Tanzania,0
uniqueid_6743 x Tanzania,0
uniqueid_6744 x Tanzania,0
uniqueid_6745 x Tanzania,0
uniqueid_6746 x Tanzania,0
uniqueid_6747 x Tanzania,0
uniqueid_6748 x Tanzania,0
uniqueid_6749 x Tanzania,0
uniqueid_6750 x Tanzania,0
uniqueid_6751 x Tanzania,0
uniqueid_6752 x Tanzania,0
uniqueid_6753 x Tanzania,0
uniqueid_6754 x Tanzania,0
uniqueid_6755 x Tanzania,0
uniqueid_6756 x Tanzania,0
uniqueid_6757 x Tanzania,0
uniqueid_6758 x Tanzania,0
uniqueid_6759 x Tanzania,0
uniqueid_6760 x Tanzania,0
uniqueid_6761 x Tanzania,0
uniqueid_6762 x Tanzania,0
uniqueid_6763 x Tanzania,0
uniqueid_6764 x Tanzania,0
uniqueid_6765 x Tanzania,0
uniqueid_6766 x Tanzania,0
uniqueid_6767 x Tanzania,0
uniqueid_6768 x Tanzania,0
uniqueid_6769 x Tanzania,0
uniqueid_6770 x Tanzania,0
uniqueid_6771 x Tanzania,0
uniqueid_6772 x Tanzania,0
uniqueid_6773 x Tanzania,0
uniqueid_6774 x Tanzania,0
uniqueid_6775 x Tanzania,0
uniqueid_6776 x Tanzania,0
uniqueid_6777 x Tanzania,0
uniqueid_6778 x Tanzania,0
uniqueid_6779 x Tanzania,0
uniqueid_6780 x Tanzania,0
uniqueid_6781 x Tanzania,0
uniqueid_6782 x Tanzania,0
uniqueid_6783 x Tanzania,0
uniqueid_6784 x Tanzania,0
uniqueid_6785 x Tanzania,0
uniqueid_6786 x Tanzania,0
uniqueid_6787 x Tanzania,0
uniqueid_6788 x Tanzania,0
uniqueid_6789 x Tanzania,0
uniqueid_6790 x Tanzania,0
uniqueid_6791 x Tanzania,0
uniqueid_6792 x Tanzania,0
uniqueid_6793 x Tanzania,0
uniqueid_6794 x Tanzania,0
uniqueid_6795 x Tanzania,0
uniqueid_6796 x Tanzania,0
uniqueid_6797 x Tanzania,0
uniqueid_6798 x Tanzania,0
uniqueid_6799 x Tanzania,0
uniqueid_6800 x Tanzania,0
uniqueid_6801 x Tanzania,0
uniqueid_6802 x Tanzania,0
uniqueid_6803 x Tanzania,0
uniqueid_6804 x Tanzania,0
uniqueid_6805 x Tanzania,0
uniqueid_6806 x Tanzania,0
uniqueid_6807 x Tanzania,0
uniqueid_6808 x Tanzania,0
uniqueid_6809 x Tanzania,0
uniqueid_6810 x Tanzania,0
uniqueid_6811 x Tanzania,0
uniqueid_6812 x Tanzania,1
uniqueid_6813 x Tanzania,0
uniqueid_6814 x Tanzania,0
uniqueid_6815 x Tanzania,0
uniqueid_6816 x Tanzania,0
uniqueid_6817 x Tanzania,0
uniqueid_6818 x Tanzania,1
uniqueid_6819 x Tanzania,0
uniqueid_6820 x Tanzania,0
uniqueid_6821 x Tanzania,0
uniqueid_6822 x Tanzania,0
uniqueid_6823 x Tanzania,0
uniqueid_6824 x Tanzania,0
uniqueid_6825 x Tanzania,0
uniqueid_6826 x Tanzania,0
uniqueid_6827 x Tanzania,0
uniqueid_6828 x Tanzania,0
uniqueid_6829 x Tanzania,0
uniqueid_6830 x Tanzania,0
uniqueid_6831 x Tanzania,0
uniqueid_6832 x Tanzania,0
uniqueid_6833 x Tanzania,0
uniqueid_6834 x Tanzania,0
uniqueid_6835 x Tanzania,0
uniqueid_6836 x Tanzania,0
uniqueid_6837 x Tanzania,0
uniqueid_6838 x Tanzania,0
uniqueid_6839 x Tanzania,0
uniqueid_6840 x Tanzania,0
uniqueid_6841 x Tanzania,0
uniqueid_6842 x Tanzania,0
uniqueid_6843 x Tanzania,0
uniqueid_6844 x Tanzania,0
uniqueid_6845 x Tanzania,0
uniqueid_6846 x Tanzania,0
uniqueid_6847 x Tanzania,0
uniqueid_6848 x Tanzania,0
uniqueid_6849 x Tanzania,0
uniqueid_6850 x Tanzania,0
uniqueid_6851 x Tanzania,0
uniqueid_6852 x Tanzania,0
uniqueid_6853 x Tanzania,0
uniqueid_6854 x Tanzania,0
uniqueid_6855 x Tanzania,0
uniqueid_6856 x Tanzania,0
uniqueid_6857 x Tanzania,0
uniqueid_6858 x Tanzania,0
uniqueid_6859 x Tanzania,0
uniqueid_6860 x Tanzania,0
uniqueid_6861 x Tanzania,0
uniqueid_6862 x Tanzania,0
uniqueid_6863 x Tanzania,0
uniqueid_6864 x Tanzania,0
uniqueid_6865 x Tanzania,0
uniqueid_6866 x Tanzania,0
uniqueid_6867 x Tanzania,0
uniqueid_6868 x Tanzania,0
uniqueid_6869 x Tanzania,0
uniqueid_6870 x Tanzania,0
uniqueid_6871 x Tanzania,0
uniqueid_6872 x Tanzania,0
uniqueid_6873 x Tanzania,0
uniqueid_6874 x Tanzania,0
uniqueid_6875 x Tanzania,0
uniqueid_6876 x Tanzania,0
uniqueid_6877 x Tanzania,1
uniqueid_6878 x Tanzania,0
uniqueid_6879 x Tanzania,0
uniqueid_6880 x Tanzania,0
uniqueid_6881 x Tanzania,0
uniqueid_6882 x Tanzania,0
uniqueid_6883 x Tanzania,0
uniqueid_6884 x Tanzania,0
uniqueid_6885 x Tanzania,0
uniqueid_6886 x Tanzania,0
uniqueid_6887 x Tanzania,0
uniqueid_6888 x Tanzania,0
uniqueid_6889 x Tanzania,0
uniqueid_6890 x Tanzania,0
uniqueid_6891 x Tanzania,0
uniqueid_6892 x Tanzania,0
uniqueid_6893 x Tanzania,0
uniqueid_6894 x Tanzania,0
uniqueid_6895 x Tanzania,0
uniqueid_6896 x Tanzania,0
uniqueid_6897 x Tanzania,0
uniqueid_6898 x Tanzania,0
uniqueid_6899 x Tanzania,0
uniqueid_6900 x Tanzania,0
uniqueid_6901 x Tanzania,1
uniqueid_6902 x Tanzania,0
uniqueid_6903 x Tanzania,0
uniqueid_6904 x Tanzania,0
uniqueid_6905 x Tanzania,0
uniqueid_6906 x Tanzania,1
uniqueid_6907 x Tanzania,0
uniqueid_6908 x Tanzania,0
uniqueid_6909 x Tanzania,0
uniqueid_6910 x Tanzania,1
uniqueid_6911 x Tanzania,0
uniqueid_6912 x Tanzania,0
uniqueid_6913 x Tanzania,0
uniqueid_6914 x Tanzania,0
uniqueid_6915 x Tanzania,0
uniqueid_6916 x Tanzania,0
uniqueid_6917 x Tanzania,1
uniqueid_6918 x Tanzania,0
uniqueid_6919 x Tanzania,0
uniqueid_6920 x Tanzania,0
uniqueid_6921 x Tanzania,0
uniqueid_6922 x Tanzania,0
uniqueid_6923 x Tanzania,0
uniqueid_6924 x Tanzania,0
uniqueid_6925 x Tanzania,0
uniqueid_6926 x Tanzania,0
uniqueid_6927 x Tanzania,0
uniqueid_6928 x Tanzania,0
uniqueid_6929 x Tanzania,0
uniqueid_6930 x Tanzania,0
uniqueid_6931 x Tanzania,0
uniqueid_6932 x Tanzania,0
uniqueid_6933 x Tanzania,0
uniqueid_6934 x Tanzania,0
uniqueid_6935 x Tanzania,0
uniqueid_6936 x Tanzania,0
uniqueid_6937 x Tanzania,0
uniqueid_6938 x Tanzania,0
uniqueid_6939 x Tanzania,0
uniqueid_6940 x Tanzania,0
uniqueid_6941 x Tanzania,0
uniqueid_6942 x Tanzania,0
uniqueid_6943 x Tanzania,1
uniqueid_6944 x Tanzania,0
uniqueid_6945 x Tanzania,0
uniqueid_6946 x Tanzania,0
uniqueid_6947 x Tanzania,0
uniqueid_6948 x Tanzania,0
uniqueid_6949 x Tanzania,0
uniqueid_6950 x Tanzania,0
uniqueid_6951 x Tanzania,0
uniqueid_6952 x Tanzania,0
uniqueid_6953 x Tanzania,0
uniqueid_6954 x Tanzania,0
uniqueid_6955 x Tanzania,0
uniqueid_6956 x Tanzania,0
uniqueid_6957 x Tanzania,0
uniqueid_6958 x Tanzania,0
uniqueid_6959 x Tanzania,0
uniqueid_6960 x Tanzania,0
uniqueid_6961 x Tanzania,0
uniqueid_6962 x Tanzania,0
uniqueid_6963 x Tanzania,0
uniqueid_6964 x Tanzania,0
uniqueid_6965 x Tanzania,0
uniqueid_6966 x Tanzania,0
uniqueid_6967 x Tanzania,0
uniqueid_6968 x Tanzania,0
uniqueid_6969 x Tanzania,0
uniqueid_6970 x Tanzania,0
uniqueid_6971 x Tanzania,0
uniqueid_6972 x Tanzania,1
uniqueid_6973 x Tanzania,0
uniqueid_6974 x Tanzania,0
uniqueid_6975 x Tanzania,0
uniqueid_6976 x Tanzania,0
uniqueid_6977 x Tanzania,0
uniqueid_6978 x Tanzania,0
uniqueid_6979 x Tanzania,0
uniqueid_6980 x Tanzania,0
uniqueid_6981 x Tanzania,0
uniqueid_6982 x Tanzania,0
uniqueid_6983 x Tanzania,0
uniqueid_6984 x Tanzania,0
uniqueid_6985 x Tanzania,0
uniqueid_6986 x Tanzania,0
uniqueid_6987 x Tanzania,0
uniqueid_6988 x Tanzania,0
uniqueid_6989 x Tanzania,0
uniqueid_6990 x Tanzania,0
uniqueid_6991 x Tanzania,0
uniqueid_6992 x Tanzania,0
uniqueid_6993 x Tanzania,0
uniqueid_6994 x Tanzania,0
uniqueid_6995 x Tanzania,0
uniqueid_6996 x Tanzania,0
uniqueid_6997 x Tanzania,0
uniqueid_6998 x Tanzania,0
uniqueid_6999 x Tanzania,0
uniqueid_7000 x Tanzania,0
uniqueid_7001 x Tanzania,0
uniqueid_7002 x Tanzania,0
uniqueid_7003 x Tanzania,0
uniqueid_7004 x Tanzania,0
uniqueid_7005 x Tanzania,0
uniqueid_7006 x Tanzania,0
uniqueid_7007 x Tanzania,0
uniqueid_7008 x Tanzania,0
uniqueid_7009 x Tanzania,0
uniqueid_7010 x Tanzania,0
uniqueid_7011 x Tanzania,0
uniqueid_7012 x Tanzania,0
uniqueid_7013 x Tanzania,0
uniqueid_7014 x Tanzania,1
uniqueid_7015 x Tanzania,0
uniqueid_7016 x Tanzania,0
uniqueid_7017 x Tanzania,0
uniqueid_7018 x Tanzania,0
uniqueid_7019 x Tanzania,0
uniqueid_7020 x Tanzania,0
uniqueid_7021 x Tanzania,0
uniqueid_7022 x Tanzania,0
uniqueid_7023 x Tanzania,0
uniqueid_7024 x Tanzania,0
uniqueid_7025 x Tanzania,0
uniqueid_7026 x Tanzania,0
uniqueid_7027 x Tanzania,0
uniqueid_7028 x Tanzania,0
uniqueid_7029 x Tanzania,0
uniqueid_7030 x Tanzania,0
uniqueid_7031 x Tanzania,0
uniqueid_7032 x Tanzania,0
uniqueid_7033 x Tanzania,0
uniqueid_7034 x Tanzania,0
uniqueid_7035 x Tanzania,0
uniqueid_7036 x Tanzania,0
uniqueid_7037 x Tanzania,0
uniqueid_7038 x Tanzania,0
uniqueid_7039 x Tanzania,0
uniqueid_7040 x Tanzania,0
uniqueid_7041 x Tanzania,0
uniqueid_7042 x Tanzania,0
uniqueid_7043 x Tanzania,0
uniqueid_7044 x Tanzania,0
uniqueid_7045 x Tanzania,0
uniqueid_7046 x Tanzania,0
uniqueid_7047 x Tanzania,0
uniqueid_7048 x Tanzania,0
uniqueid_7049 x Tanzania,0
uniqueid_7050 x Tanzania,0
uniqueid_7051 x Tanzania,0
uniqueid_7052 x Tanzania,0
uniqueid_7053 x Tanzania,0
uniqueid_7054 x Tanzania,0
uniqueid_7055 x Tanzania,0
uniqueid_7056 x Tanzania,0
uniqueid_7057 x Tanzania,0
uniqueid_7058 x Tanzania,0
uniqueid_7059 x Tanzania,0
uniqueid_7060 x Tanzania,0
uniqueid_7061 x Tanzania,0
uniqueid_7062 x Tanzania,0
uniqueid_7063 x Tanzania,0
uniqueid_7064 x Tanzania,0
uniqueid_7065 x Tanzania,0
uniqueid_7066 x Tanzania,0
uniqueid_7067 x Tanzania,0
uniqueid_7068 x Tanzania,0
uniqueid_7069 x Tanzania,0
uniqueid_7070 x Tanzania,0
uniqueid_7071 x Tanzania,0
uniqueid_7072 x Tanzania,0
uniqueid_7073 x Tanzania,0
uniqueid_7074 x Tanzania,0
uniqueid_7075 x Tanzania,0
uniqueid_7076 x Tanzania,0
uniqueid_7077 x Tanzania,0
uniqueid_7078 x Tanzania,0
uniqueid_7079 x Tanzania,0
uniqueid_7080 x Tanzania,0
uniqueid_7081 x Tanzania,0
uniqueid_7082 x Tanzania,0
uniqueid_7083 x Tanzania,0
uniqueid_7084 x Tanzania,0
uniqueid_7085 x Tanzania,0
uniqueid_7086 x Tanzania,0
uniqueid_7087 x Tanzania,0
uniqueid_7088 x Tanzania,0
uniqueid_7089 x Tanzania,0
uniqueid_7090 x Tanzania,0
uniqueid_7091 x Tanzania,0
uniqueid_7092 x Tanzania,0
uniqueid_7093 x Tanzania,0
uniqueid_7094 x Tanzania,0
uniqueid_7095 x Tanzania,0
uniqueid_7096 x Tanzania,0
uniqueid_7097 x Tanzania,0
uniqueid_7098 x Tanzania,0
uniqueid_7099 x Tanzania,0
uniqueid_7100 x Tanzania,0
uniqueid_7101 x Tanzania,0
uniqueid_7102 x Tanzania,0
uniqueid_7103 x Tanzania,0
uniqueid_7104 x Tanzania,0
uniqueid_7105 x Tanzania,0
uniqueid_7106 x Tanzania,0
uniqueid_7107 x Tanzania,0
uniqueid_7108 x Tanzania,0
uniqueid_7109 x Tanzania,0
uniqueid_7110 x Tanzania,1
uniqueid_7111 x Tanzania,0
uniqueid_7112 x Tanzania,0
uniqueid_7113 x Tanzania,0
uniqueid_7114 x Tanzania,0
uniqueid_7115 x Tanzania,1
uniqueid_7116 x Tanzania,0
uniqueid_7117 x Tanzania,0
uniqueid_7118 x Tanzania,0
uniqueid_7119 x Tanzania,0
uniqueid_7120 x Tanzania,0
uniqueid_7121 x Tanzania,0
uniqueid_7122 x Tanzania,0
uniqueid_7123 x Tanzania,0
uniqueid_7124 x Tanzania,0
uniqueid_7125 x Tanzania,0
uniqueid_7126 x Tanzania,0
uniqueid_7127 x Tanzania,0
uniqueid_7128 x Tanzania,0
uniqueid_7129 x Tanzania,0
uniqueid_7130 x Tanzania,0
uniqueid_7131 x Tanzania,0
uniqueid_7132 x Tanzania,0
uniqueid_7133 x Tanzania,0
uniqueid_7134 x Tanzania,0
uniqueid_7135 x Tanzania,0
uniqueid_7136 x Tanzania,0
uniqueid_7137 x Tanzania,0
uniqueid_7138 x Tanzania,0
uniqueid_7139 x Tanzania,0
uniqueid_7140 x Tanzania,0
uniqueid_7141 x Tanzania,0
uniqueid_7142 x Tanzania,0
uniqueid_7143 x Tanzania,0
uniqueid_7144 x Tanzania,0
uniqueid_7145 x Tanzania,0
uniqueid_7146 x Tanzania,0
uniqueid_7147 x Tanzania,0
uniqueid_7148 x Tanzania,0
uniqueid_7149 x Tanzania,0
uniqueid_7150 x Tanzania,0
uniqueid_7151 x Tanzania,0
uniqueid_7152 x Tanzania,0
uniqueid_7153 x Tanzania,0
uniqueid_7154 x Tanzania,0
uniqueid_7155 x Tanzania,0
uniqueid_7156 x Tanzania,0
uniqueid_7157 x Tanzania,0
uniqueid_7158 x Tanzania,0
uniqueid_7159 x Tanzania,0
uniqueid_7160 x Tanzania,0
uniqueid_7161 x Tanzania,0
uniqueid_7162 x Tanzania,0
uniqueid_7163 x Tanzania,0
uniqueid_7164 x Tanzania,0
uniqueid_7165 x Tanzania,0
uniqueid_7166 x Tanzania,0
uniqueid_7167 x Tanzania,0
uniqueid_7168 x Tanzania,0
uniqueid_7169 x Tanzania,0
uniqueid_7170 x Tanzania,0
uniqueid_7171 x Tanzania,0
uniqueid_7172 x Tanzania,0
uniqueid_7173 x Tanzania,0
uniqueid_7174 x Tanzania,0
uniqueid_7175 x Tanzania,0
uniqueid_7176 x Tanzania,0
uniqueid_7177 x Tanzania,0
uniqueid_7178 x Tanzania,0
uniqueid_7179 x Tanzania,0
uniqueid_7180 x Tanzania,0
uniqueid_7181 x Tanzania,0
uniqueid_7182 x Tanzania,0
uniqueid_7183 x Tanzania,0
uniqueid_7184 x Tanzania,0
uniqueid_7185 x Tanzania,0
uniqueid_7186 x Tanzania,0
uniqueid_7187 x Tanzania,0
uniqueid_7188 x Tanzania,0
uniqueid_7189 x Tanzania,0
uniqueid_7190 x Tanzania,0
uniqueid_7191 x Tanzania,0
uniqueid_7192 x Tanzania,0
uniqueid_7193 x Tanzania,0
uniqueid_7194 x Tanzania,0
uniqueid_7195 x Tanzania,0
uniqueid_7196 x Tanzania,0
uniqueid_7197 x Tanzania,0
uniqueid_7198 x Tanzania,0
uniqueid_7199 x Tanzania,0
uniqueid_7200 x Tanzania,0
uniqueid_7201 x Tanzania,0
uniqueid_7202 x Tanzania,0
uniqueid_7203 x Tanzania,0
uniqueid_7204 x Tanzania,0
uniqueid_7205 x Tanzania,0
uniqueid_7206 x Tanzania,0
uniqueid_7207 x Tanzania,0
uniqueid_7208 x Tanzania,0
uniqueid_7209 x Tanzania,0
uniqueid_7210 x Tanzania,0
uniqueid_7211 x Tanzania,0
uniqueid_7212 x Tanzania,1
uniqueid_7213 x Tanzania,0
uniqueid_7214 x Tanzania,0
uniqueid_7215 x Tanzania,0
uniqueid_7216 x Tanzania,0
uniqueid_7217 x Tanzania,0
uniqueid_7218 x Tanzania,0
uniqueid_7219 x Tanzania,0
uniqueid_7220 x Tanzania,0
uniqueid_7221 x Tanzania,0
uniqueid_7222 x Tanzania,0
uniqueid_7223 x Tanzania,0
uniqueid_7224 x Tanzania,0
uniqueid_7225 x Tanzania,0
uniqueid_7226 x Tanzania,0
uniqueid_7227 x Tanzania,0
uniqueid_7228 x Tanzania,0
uniqueid_7229 x Tanzania,0
uniqueid_7230 x Tanzania,0
uniqueid_7231 x Tanzania,0
uniqueid_7232 x Tanzania,0
uniqueid_7233 x Tanzania,0
uniqueid_7234 x Tanzania,0
uniqueid_7235 x Tanzania,0
uniqueid_7236 x Tanzania,0
uniqueid_7237 x Tanzania,0
uniqueid_7238 x Tanzania,0
uniqueid_7239 x Tanzania,0
uniqueid_7240 x Tanzania,0
uniqueid_7241 x Tanzania,0
uniqueid_7242 x Tanzania,0
uniqueid_7243 x Tanzania,0
uniqueid_7244 x Tanzania,0
uniqueid_7245 x Tanzania,0
uniqueid_7246 x Tanzania,0
uniqueid_7247 x Tanzania,0
uniqueid_7248 x Tanzania,0
uniqueid_7249 x Tanzania,0
uniqueid_7250 x Tanzania,0
uniqueid_7251 x Tanzania,0
uniqueid_7252 x Tanzania,0
uniqueid_7253 x Tanzania,0
uniqueid_7254 x Tanzania,0
uniqueid_7255 x Tanzania,0
uniqueid_7256 x Tanzania,0
uniqueid_7257 x Tanzania,0
uniqueid_7258 x Tanzania,0
uniqueid_7259 x Tanzania,0
uniqueid_7260 x Tanzania,0
uniqueid_7261 x Tanzania,0
uniqueid_7262 x Tanzania,0
uniqueid_7263 x Tanzania,0
uniqueid_7264 x Tanzania,0
uniqueid_7265 x Tanzania,0
uniqueid_7266 x Tanzania,0
uniqueid_7267 x Tanzania,0
uniqueid_7268 x Tanzania,0
uniqueid_7269 x Tanzania,0
uniqueid_7270 x Tanzania,0
uniqueid_7271 x Tanzania,0
uniqueid_7272 x Tanzania,0
uniqueid_7273 x Tanzania,0
uniqueid_7274 x Tanzania,0
uniqueid_7275 x Tanzania,0
uniqueid_7276 x Tanzania,0
uniqueid_7277 x Tanzania,0
uniqueid_7278 x Tanzania,0
uniqueid_7279 x Tanzania,0
uniqueid_7280 x Tanzania,0
uniqueid_7281 x Tanzania,0
uniqueid_7282 x Tanzania,0
uniqueid_7283 x Tanzania,1
uniqueid_7284 x Tanzania,0
uniqueid_7285 x Tanzania,0
uniqueid_7286 x Tanzania,0
uniqueid_7287 x Tanzania,0
uniqueid_7288 x Tanzania,0
uniqueid_7289 x Tanzania,0
uniqueid_7290 x Tanzania,0
uniqueid_7291 x Tanzania,0
uniqueid_7292 x Tanzania,0
uniqueid_7293 x Tanzania,0
uniqueid_7294 x Tanzania,0
uniqueid_7295 x Tanzania,0
uniqueid_7296 x Tanzania,0
uniqueid_7297 x Tanzania,0
uniqueid_7298 x Tanzania,0
uniqueid_7299 x Tanzania,0
uniqueid_7300 x Tanzania,0
uniqueid_7301 x Tanzania,0
uniqueid_7302 x Tanzania,0
uniqueid_7303 x Tanzania,0
uniqueid_7304 x Tanzania,0
uniqueid_7305 x Tanzania,0
uniqueid_7306 x Tanzania,0
uniqueid_7307 x Tanzania,0
uniqueid_7308 x Tanzania,0
uniqueid_7309 x Tanzania,0
uniqueid_7310 x Tanzania,0
uniqueid_7311 x Tanzania,0
uniqueid_7312 x Tanzania,0
uniqueid_7313 x Tanzania,0
uniqueid_7314 x Tanzania,1
uniqueid_7315 x Tanzania,0
uniqueid_7316 x Tanzania,0
uniqueid_7317 x Tanzania,0
uniqueid_7318 x Tanzania,0
uniqueid_7319 x Tanzania,0
uniqueid_7320 x Tanzania,0
uniqueid_7321 x Tanzania,1
uniqueid_7322 x Tanzania,0
uniqueid_7323 x Tanzania,0
uniqueid_7324 x Tanzania,0
uniqueid_7325 x Tanzania,1
uniqueid_7326 x Tanzania,0
uniqueid_7327 x Tanzania,0
uniqueid_7328 x Tanzania,0
uniqueid_7329 x Tanzania,0
uniqueid_7330 x Tanzania,0
uniqueid_7331 x Tanzania,0
uniqueid_7332 x Tanzania,0
uniqueid_7333 x Tanzania,0
uniqueid_7334 x Tanzania,0
uniqueid_7335 x Tanzania,0
uniqueid_7336 x Tanzania,0
uniqueid_7337 x Tanzania,0
uniqueid_7338 x Tanzania,0
uniqueid_7339 x Tanzania,1
uniqueid_7340 x Tanzania,0
uniqueid_7341 x Tanzania,0
uniqueid_7342 x Tanzania,0
uniqueid_7343 x Tanzania,0
uniqueid_7344 x Tanzania,0
uniqueid_7345 x Tanzania,0
uniqueid_7346 x Tanzania,0
uniqueid_7347 x Tanzania,0
uniqueid_7348 x Tanzania,0
uniqueid_7349 x Tanzania,0
uniqueid_7350 x Tanzania,0
uniqueid_7351 x Tanzania,0
uniqueid_7352 x Tanzania,0
uniqueid_7353 x Tanzania,0
uniqueid_7354 x Tanzania,0
uniqueid_7355 x Tanzania,0
uniqueid_7356 x Tanzania,0
uniqueid_7357 x Tanzania,0
uniqueid_7358 x Tanzania,0
uniqueid_7359 x Tanzania,0
uniqueid_7360 x Tanzania,0
uniqueid_7361 x Tanzania,0
uniqueid_7362 x Tanzania,0
uniqueid_7363 x Tanzania,0
uniqueid_7364 x Tanzania,0
uniqueid_7365 x Tanzania,0
uniqueid_7366 x Tanzania,0
uniqueid_7367 x Tanzania,0
uniqueid_7368 x Tanzania,0
uniqueid_7369 x Tanzania,0
uniqueid_7370 x Tanzania,0
uniqueid_7371 x Tanzania,0
uniqueid_7372 x Tanzania,0
uniqueid_7373 x Tanzania,0
uniqueid_7374 x Tanzania,0
uniqueid_7375 x Tanzania,0
uniqueid_7376 x Tanzania,0
uniqueid_7377 x Tanzania,0
uniqueid_7378 x Tanzania,1
uniqueid_7379 x Tanzania,0
uniqueid_7380 x Tanzania,0
uniqueid_7381 x Tanzania,0
uniqueid_7382 x Tanzania,0
uniqueid_7383 x Tanzania,0
uniqueid_7384 x Tanzania,0
uniqueid_7385 x Tanzania,0
uniqueid_7386 x Tanzania,0
uniqueid_7387 x Tanzania,0
uniqueid_7388 x Tanzania,0
uniqueid_7389 x Tanzania,0
uniqueid_7390 x Tanzania,0
uniqueid_7391 x Tanzania,0
uniqueid_7392 x Tanzania,0
uniqueid_7393 x Tanzania,0
uniqueid_7394 x Tanzania,0
uniqueid_7395 x Tanzania,0
uniqueid_7396 x Tanzania,0
uniqueid_7397 x Tanzania,0
uniqueid_7398 x Tanzania,0
uniqueid_7399 x Tanzania,0
uniqueid_7400 x Tanzania,0
uniqueid_7401 x Tanzania,0
uniqueid_7402 x Tanzania,0
uniqueid_7403 x Tanzania,0
uniqueid_7404 x Tanzania,0
uniqueid_7405 x Tanzania,0
uniqueid_7406 x Tanzania,0
uniqueid_7407 x Tanzania,0
uniqueid_7408 x Tanzania,0
uniqueid_7409 x Tanzania,0
uniqueid_7410 x Tanzania,0
uniqueid_7411 x Tanzania,0
uniqueid_7412 x Tanzania,0
uniqueid_7413 x Tanzania,0
uniqueid_7414 x Tanzania,0
uniqueid_7415 x Tanzania,0
uniqueid_7416 x Tanzania,0
uniqueid_7417 x Tanzania,0
uniqueid_7418 x Tanzania,0
uniqueid_7419 x Tanzania,0
uniqueid_7420 x Tanzania,0
uniqueid_7421 x Tanzania,0
uniqueid_7422 x Tanzania,0
uniqueid_7423 x Tanzania,0
uniqueid_7424 x Tanzania,0
uniqueid_7425 x Tanzania,0
uniqueid_7426 x Tanzania,0
uniqueid_7427 x Tanzania,0
uniqueid_7428 x Tanzania,0
uniqueid_7429 x Tanzania,0
uniqueid_7430 x Tanzania,0
uniqueid_7431 x Tanzania,0
uniqueid_7432 x Tanzania,0
uniqueid_7433 x Tanzania,0
uniqueid_7434 x Tanzania,0
uniqueid_7435 x Tanzania,0
uniqueid_7436 x Tanzania,0
uniqueid_7437 x Tanzania,0
uniqueid_7438 x Tanzania,0
uniqueid_7439 x Tanzania,0
uniqueid_7440 x Tanzania,0
uniqueid_7441 x Tanzania,0
uniqueid_7442 x Tanzania,0
uniqueid_7443 x Tanzania,0
uniqueid_7444 x Tanzania,0
uniqueid_7445 x Tanzania,0
uniqueid_7446 x Tanzania,0
uniqueid_7447 x Tanzania,0
uniqueid_7448 x Tanzania,0
uniqueid_7449 x Tanzania,0
uniqueid_7450 x Tanzania,0
uniqueid_7451 x Tanzania,0
uniqueid_7452 x Tanzania,0
uniqueid_7453 x Tanzania,0
uniqueid_7454 x Tanzania,1
uniqueid_7455 x Tanzania,0
uniqueid_7456 x Tanzania,0
uniqueid_7457 x Tanzania,0
uniqueid_7458 x Tanzania,0
uniqueid_7459 x Tanzania,0
uniqueid_7460 x Tanzania,0
uniqueid_7461 x Tanzania,0
uniqueid_7462 x Tanzania,0
uniqueid_7463 x Tanzania,0
uniqueid_7464 x Tanzania,0
uniqueid_7465 x Tanzania,0
uniqueid_7466 x Tanzania,0
uniqueid_7467 x Tanzania,0
uniqueid_7468 x Tanzania,0
uniqueid_7469 x Tanzania,0
uniqueid_7470 x Tanzania,0
uniqueid_7471 x Tanzania,0
uniqueid_7472 x Tanzania,0
uniqueid_7473 x Tanzania,0
uniqueid_7474 x Tanzania,0
uniqueid_7475 x Tanzania,0
uniqueid_7476 x Tanzania,0
uniqueid_7477 x Tanzania,0
uniqueid_7478 x Tanzania,0
uniqueid_7479 x Tanzania,0
uniqueid_7480 x Tanzania,0
uniqueid_7481 x Tanzania,0
uniqueid_7482 x Tanzania,0
uniqueid_7483 x Tanzania,0
uniqueid_7484 x Tanzania,0
uniqueid_7485 x Tanzania,0
uniqueid_7486 x Tanzania,0
uniqueid_7487 x Tanzania,0
uniqueid_7488 x Tanzania,0
uniqueid_7489 x Tanzania,0
uniqueid_7490 x Tanzania,0
uniqueid_7491 x Tanzania,0
uniqueid_7492 x Tanzania,0
uniqueid_7493 x Tanzania,0
uniqueid_7494 x Tanzania,0
uniqueid_7495 x Tanzania,0
uniqueid_7496 x Tanzania,0
uniqueid_7497 x Tanzania,0
uniqueid_7498 x Tanzania,0
uniqueid_7499 x Tanzania,0
uniqueid_7500 x Tanzania,0
uniqueid_7501 x Tanzania,0
uniqueid_7502 x Tanzania,0
uniqueid_7503 x Tanzania,0
uniqueid_7504 x Tanzania,0
uniqueid_7505 x Tanzania,0
uniqueid_7506 x Tanzania,0
uniqueid_7507 x Tanzania,0
uniqueid_7508 x Tanzania,0
uniqueid_7509 x Tanzania,0
uniqueid_7510 x Tanzania,0
uniqueid_7511 x Tanzania,0
uniqueid_7512 x Tanzania,0
uniqueid_7513 x Tanzania,0
uniqueid_7514 x Tanzania,0
uniqueid_7515 x Tanzania,0
uniqueid_7516 x Tanzania,0
uniqueid_7517 x Tanzania,0
uniqueid_7518 x Tanzania,0
uniqueid_7519 x Tanzania,0
uniqueid_7520 x Tanzania,0
uniqueid_7521 x Tanzania,0
uniqueid_7522 x Tanzania,0
uniqueid_7523 x Tanzania,0
uniqueid_7524 x Tanzania,0
uniqueid_7525 x Tanzania,0
uniqueid_7526 x Tanzania,0
uniqueid_7527 x Tanzania,0
uniqueid_7528 x Tanzania,0
uniqueid_7529 x Tanzania,0
uniqueid_7530 x Tanzania,0
uniqueid_7531 x Tanzania,0
uniqueid_7532 x Tanzania,0
uniqueid_7533 x Tanzania,0
uniqueid_7534 x Tanzania,0
uniqueid_7535 x Tanzania,0
uniqueid_7536 x Tanzania,0
uniqueid_7537 x Tanzania,0
uniqueid_7538 x Tanzania,0
uniqueid_7539 x Tanzania,0
uniqueid_7540 x Tanzania,0
uniqueid_7541 x Tanzania,0
uniqueid_7542 x Tanzania,0
uniqueid_7543 x Tanzania,0
uniqueid_7544 x Tanzania,0
uniqueid_7545 x Tanzania,0
uniqueid_7546 x Tanzania,0
uniqueid_7547 x Tanzania,0
uniqueid_7548 x Tanzania,0
uniqueid_7549 x Tanzania,0
uniqueid_7550 x Tanzania,0
uniqueid_7551 x Tanzania,0
uniqueid_7552 x Tanzania,0
uniqueid_7553 x Tanzania,0
uniqueid_7554 x Tanzania,0
uniqueid_7555 x Tanzania,0
uniqueid_7556 x Tanzania,0
uniqueid_7557 x Tanzania,0
uniqueid_7558 x Tanzania,0
uniqueid_7559 x Tanzania,0
uniqueid_7560 x Tanzania,0
uniqueid_7561 x Tanzania,0
uniqueid_7562 x Tanzania,0
uniqueid_7563 x Tanzania,0
uniqueid_7564 x Tanzania,0
uniqueid_7565 x Tanzania,0
uniqueid_7566 x Tanzania,0
uniqueid_7567 x Tanzania,0
uniqueid_7568 x Tanzania,0
uniqueid_7569 x Tanzania,0
uniqueid_7570 x Tanzania,0
uniqueid_7571 x Tanzania,0
uniqueid_7572 x Tanzania,0
uniqueid_7573 x Tanzania,0
uniqueid_7574 x Tanzania,0
uniqueid_7575 x Tanzania,0
uniqueid_7576 x Tanzania,0
uniqueid_7577 x Tanzania,0
uniqueid_7578 x Tanzania,0
uniqueid_7579 x Tanzania,0
uniqueid_7580 x Tanzania,0
uniqueid_7581 x Tanzania,0
uniqueid_7582 x Tanzania,0
uniqueid_7583 x Tanzania,0
uniqueid_7584 x Tanzania,0
uniqueid_7585 x Tanzania,0
uniqueid_7586 x Tanzania,0
uniqueid_7587 x Tanzania,0
uniqueid_7588 x Tanzania,0
uniqueid_7589 x Tanzania,0
uniqueid_7590 x Tanzania,0
uniqueid_7591 x Tanzania,0
uniqueid_7592 x Tanzania,0
uniqueid_7593 x Tanzania,0
uniqueid_7594 x Tanzania,0
uniqueid_7595 x Tanzania,0
uniqueid_7596 x Tanzania,0
uniqueid_7597 x Tanzania,0
uniqueid_7598 x Tanzania,0
uniqueid_7599 x Tanzania,0
uniqueid_7600 x Tanzania,0
uniqueid_7601 x Tanzania,0
uniqueid_7602 x Tanzania,0
uniqueid_7603 x Tanzania,0
uniqueid_7604 x Tanzania,0
uniqueid_7605 x Tanzania,0
uniqueid_7606 x Tanzania,0
uniqueid_7607 x Tanzania,0
uniqueid_7608 x Tanzania,0
uniqueid_7609 x Tanzania,0
uniqueid_7610 x Tanzania,0
uniqueid_7611 x Tanzania,0
uniqueid_7612 x Tanzania,0
uniqueid_7613 x Tanzania,0
uniqueid_7614 x Tanzania,0
uniqueid_7615 x Tanzania,0
uniqueid_7616 x Tanzania,0
uniqueid_7617 x Tanzania,0
uniqueid_7618 x Tanzania,0
uniqueid_7619 x Tanzania,0
uniqueid_7620 x Tanzania,0
uniqueid_7621 x Tanzania,0
uniqueid_7622 x Tanzania,0
uniqueid_7623 x Tanzania,0
uniqueid_7624 x Tanzania,0
uniqueid_7625 x Tanzania,0
uniqueid_7626 x Tanzania,0
uniqueid_7627 x Tanzania,0
uniqueid_7628 x Tanzania,0
uniqueid_7629 x Tanzania,0
uniqueid_7630 x Tanzania,0
uniqueid_7631 x Tanzania,0
uniqueid_7632 x Tanzania,0
uniqueid_7633 x Tanzania,0
uniqueid_7634 x Tanzania,0
uniqueid_7635 x Tanzania,0
uniqueid_7636 x Tanzania,0
uniqueid_7637 x Tanzania,0
uniqueid_7638 x Tanzania,0
uniqueid_7639 x Tanzania,0
uniqueid_7640 x Tanzania,0
uniqueid_7641 x Tanzania,0
uniqueid_7642 x Tanzania,0
uniqueid_7643 x Tanzania,0
uniqueid_7644 x Tanzania,0
uniqueid_7645 x Tanzania,0
uniqueid_7646 x Tanzania,0
uniqueid_7647 x Tanzania,0
uniqueid_7648 x Tanzania,0
uniqueid_7649 x Tanzania,1
uniqueid_7650 x Tanzania,0
uniqueid_7651 x Tanzania,0
uniqueid_7652 x Tanzania,0
uniqueid_7653 x Tanzania,0
uniqueid_7654 x Tanzania,0
uniqueid_7655 x Tanzania,0
uniqueid_7656 x Tanzania,0
uniqueid_7657 x Tanzania,0
uniqueid_7658 x Tanzania,0
uniqueid_7659 x Tanzania,0
uniqueid_7660 x Tanzania,0
uniqueid_7661 x Tanzania,0
uniqueid_7662 x Tanzania,0
uniqueid_7663 x Tanzania,0
uniqueid_7664 x Tanzania,0
uniqueid_7665 x Tanzania,0
uniqueid_7666 x Tanzania,0
uniqueid_7667 x Tanzania,0
uniqueid_7668 x Tanzania,1
uniqueid_7669 x Tanzania,0
uniqueid_7670 x Tanzania,0
uniqueid_7671 x Tanzania,0
uniqueid_7672 x Tanzania,0
uniqueid_7673 x Tanzania,1
uniqueid_7674 x Tanzania,0
uniqueid_7675 x Tanzania,0
uniqueid_7676 x Tanzania,0
uniqueid_7677 x Tanzania,0
uniqueid_7678 x Tanzania,0
uniqueid_7679 x Tanzania,0
uniqueid_7680 x Tanzania,0
uniqueid_7681 x Tanzania,1
uniqueid_7682 x Tanzania,0
uniqueid_7683 x Tanzania,0
uniqueid_7684 x Tanzania,0
uniqueid_7685 x Tanzania,1
uniqueid_7686 x Tanzania,0
uniqueid_7687 x Tanzania,0
uniqueid_7688 x Tanzania,0
uniqueid_7689 x Tanzania,0
uniqueid_7690 x Tanzania,0
uniqueid_7691 x Tanzania,0
uniqueid_7692 x Tanzania,0
uniqueid_7693 x Tanzania,0
uniqueid_7694 x Tanzania,0
uniqueid_7695 x Tanzania,0
uniqueid_7696 x Tanzania,0
uniqueid_7697 x Tanzania,0
uniqueid_7698 x Tanzania,0
uniqueid_7699 x Tanzania,0
uniqueid_7700 x Tanzania,0
uniqueid_7701 x Tanzania,0
uniqueid_7702 x Tanzania,0
uniqueid_7703 x Tanzania,0
uniqueid_7704 x Tanzania,0
uniqueid_7705 x Tanzania,0
uniqueid_7706 x Tanzania,0
uniqueid_7707 x Tanzania,0
uniqueid_7708 x Tanzania,0
uniqueid_7709 x Tanzania,1
uniqueid_7710 x Tanzania,0
uniqueid_7711 x Tanzania,0
uniqueid_7712 x Tanzania,0
uniqueid_7713 x Tanzania,0
uniqueid_7714 x Tanzania,0
uniqueid_7715 x Tanzania,0
uniqueid_7716 x Tanzania,0
uniqueid_7717 x Tanzania,1
uniqueid_7718 x Tanzania,0
uniqueid_7719 x Tanzania,0
uniqueid_7720 x Tanzania,0
uniqueid_7721 x Tanzania,0
uniqueid_7722 x Tanzania,0
uniqueid_7723 x Tanzania,0
uniqueid_7724 x Tanzania,0
uniqueid_7725 x Tanzania,0
uniqueid_7726 x Tanzania,0
uniqueid_7727 x Tanzania,0
uniqueid_7728 x Tanzania,0
uniqueid_7729 x Tanzania,0
uniqueid_7730 x Tanzania,0
uniqueid_7731 x Tanzania,0
uniqueid_7732 x Tanzania,0
uniqueid_7733 x Tanzania,0
uniqueid_7734 x Tanzania,0
uniqueid_7735 x Tanzania,1
uniqueid_7736 x Tanzania,0
uniqueid_7737 x Tanzania,0
uniqueid_7738 x Tanzania,0
uniqueid_7739 x Tanzania,0
uniqueid_7740 x Tanzania,0
uniqueid_7741 x Tanzania,0
uniqueid_7742 x Tanzania,0
uniqueid_7743 x Tanzania,1
uniqueid_7744 x Tanzania,0
uniqueid_7745 x Tanzania,0
uniqueid_7746 x Tanzania,0
uniqueid_7747 x Tanzania,0
uniqueid_7748 x Tanzania,0
uniqueid_7749 x Tanzania,0
uniqueid_7750 x Tanzania,0
uniqueid_7751 x Tanzania,0
uniqueid_7752 x Tanzania,0
uniqueid_7753 x Tanzania,0
uniqueid_7754 x Tanzania,0
uniqueid_7755 x Tanzania,0
uniqueid_7756 x Tanzania,0
uniqueid_7757 x Tanzania,0
uniqueid_7758 x Tanzania,0
uniqueid_7759 x Tanzania,0
uniqueid_7760 x Tanzania,0
uniqueid_7761 x Tanzania,0
uniqueid_7762 x Tanzania,0
uniqueid_7763 x Tanzania,0
uniqueid_7764 x Tanzania,0
uniqueid_7765 x Tanzania,0
uniqueid_7766 x Tanzania,0
uniqueid_7767 x Tanzania,0
uniqueid_7768 x Tanzania,0
uniqueid_7769 x Tanzania,0
uniqueid_7770 x Tanzania,0
uniqueid_7771 x Tanzania,0
uniqueid_7772 x Tanzania,0
uniqueid_7773 x Tanzania,0
uniqueid_7774 x Tanzania,0
uniqueid_7775 x Tanzania,0
uniqueid_7776 x Tanzania,0
uniqueid_7777 x Tanzania,0
uniqueid_7778 x Tanzania,0
uniqueid_7779 x Tanzania,0
uniqueid_7780 x Tanzania,0
uniqueid_7781 x Tanzania,0
uniqueid_7782 x Tanzania,0
uniqueid_7783 x Tanzania,0
uniqueid_7784 x Tanzania,0
uniqueid_7785 x Tanzania,0
uniqueid_7786 x Tanzania,0
uniqueid_7787 x Tanzania,0
uniqueid_7788 x Tanzania,0
uniqueid_7789 x Tanzania,0
uniqueid_7790 x Tanzania,0
uniqueid_7791 x Tanzania,0
uniqueid_7792 x Tanzania,0
uniqueid_7793 x Tanzania,0
uniqueid_7794 x Tanzania,0
uniqueid_7795 x Tanzania,0
uniqueid_7796 x Tanzania,0
uniqueid_7797 x Tanzania,0
uniqueid_7798 x Tanzania,0
uniqueid_7799 x Tanzania,0
uniqueid_7800 x Tanzania,0
uniqueid_7801 x Tanzania,0
uniqueid_7802 x Tanzania,0
uniqueid_7803 x Tanzania,0
uniqueid_7804 x Tanzania,0
uniqueid_7805 x Tanzania,0
uniqueid_7806 x Tanzania,0
uniqueid_7807 x Tanzania,0
uniqueid_7808 x Tanzania,0
uniqueid_7809 x Tanzania,1
uniqueid_7810 x Tanzania,0
uniqueid_7811 x Tanzania,0
uniqueid_7812 x Tanzania,0
uniqueid_7813 x Tanzania,0
uniqueid_7814 x Tanzania,0
uniqueid_7815 x Tanzania,0
uniqueid_7816 x Tanzania,0
uniqueid_7817 x Tanzania,0
uniqueid_7818 x Tanzania,0
uniqueid_7819 x Tanzania,0
uniqueid_7820 x Tanzania,0
uniqueid_7821 x Tanzania,0
uniqueid_7822 x Tanzania,0
uniqueid_7823 x Tanzania,0
uniqueid_7824 x Tanzania,0
uniqueid_7825 x Tanzania,0
uniqueid_7826 x Tanzania,0
uniqueid_7827 x Tanzania,0
uniqueid_7828 x Tanzania,0
uniqueid_7829 x Tanzania,0
uniqueid_7830 x Tanzania,0
uniqueid_7831 x Tanzania,0
uniqueid_7832 x Tanzania,0
uniqueid_7833 x Tanzania,0
uniqueid_7834 x Tanzania,0
uniqueid_7835 x Tanzania,0
uniqueid_7836 x Tanzania,0
uniqueid_7837 x Tanzania,0
uniqueid_7838 x Tanzania,0
uniqueid_7839 x Tanzania,0
uniqueid_7840 x Tanzania,0
uniqueid_7841 x Tanzania,0
uniqueid_7842 x Tanzania,0
uniqueid_7843 x Tanzania,0
uniqueid_7844 x Tanzania,0
uniqueid_7845 x Tanzania,0
uniqueid_7846 x Tanzania,0
uniqueid_7847 x Tanzania,0
uniqueid_7848 x Tanzania,0
uniqueid_7849 x Tanzania,1
uniqueid_7850 x Tanzania,0
uniqueid_7851 x Tanzania,0
uniqueid_7852 x Tanzania,0
uniqueid_7853 x Tanzania,0
uniqueid_7854 x Tanzania,0
uniqueid_7855 x Tanzania,0
uniqueid_7856 x Tanzania,0
uniqueid_7857 x Tanzania,0
uniqueid_7858 x Tanzania,0
uniqueid_7859 x Tanzania,0
uniqueid_7860 x Tanzania,0
uniqueid_7861 x Tanzania,0
uniqueid_7862 x Tanzania,0
uniqueid_7863 x Tanzania,0
uniqueid_7864 x Tanzania,0
uniqueid_7865 x Tanzania,0
uniqueid_7866 x Tanzania,0
uniqueid_7867 x Tanzania,0
uniqueid_7868 x Tanzania,0
uniqueid_7869 x Tanzania,0
uniqueid_7870 x Tanzania,0
uniqueid_7871 x Tanzania,0
uniqueid_7872 x Tanzania,0
uniqueid_7873 x Tanzania,0
uniqueid_7874 x Tanzania,0
uniqueid_7875 x Tanzania,0
uniqueid_7876 x Tanzania,0
uniqueid_7877 x Tanzania,0
uniqueid_7878 x Tanzania,0
uniqueid_7879 x Tanzania,0
uniqueid_7880 x Tanzania,0
uniqueid_7881 x Tanzania,0
uniqueid_7882 x Tanzania,0
uniqueid_7883 x Tanzania,0
uniqueid_7884 x Tanzania,0
uniqueid_7885 x Tanzania,0
uniqueid_7886 x Tanzania,0
uniqueid_7887 x Tanzania,1
uniqueid_7888 x Tanzania,0
uniqueid_7889 x Tanzania,0
uniqueid_7890 x Tanzania,0
uniqueid_7891 x Tanzania,0
uniqueid_7892 x Tanzania,0
uniqueid_7893 x Tanzania,0
uniqueid_7894 x Tanzania,0
uniqueid_7895 x Tanzania,0
uniqueid_7896 x Tanzania,0
uniqueid_7897 x Tanzania,0
uniqueid_7898 x Tanzania,0
uniqueid_7899 x Tanzania,0
uniqueid_7900 x Tanzania,0
uniqueid_7901 x Tanzania,0
uniqueid_7902 x Tanzania,0
uniqueid_7903 x Tanzania,0
uniqueid_7904 x Tanzania,0
uniqueid_7905 x Tanzania,0
uniqueid_7906 x Tanzania,0
uniqueid_7907 x Tanzania,0
uniqueid_7908 x Tanzania,0
uniqueid_7909 x Tanzania,0
uniqueid_7910 x Tanzania,0
uniqueid_7911 x Tanzania,0
uniqueid_7912 x Tanzania,0
uniqueid_7913 x Tanzania,0
uniqueid_7914 x Tanzania,0
uniqueid_7915 x Tanzania,0
uniqueid_7916 x Tanzania,0
uniqueid_7917 x Tanzania,0
uniqueid_7918 x Tanzania,0
uniqueid_7919 x Tanzania,0
uniqueid_7920 x Tanzania,0
uniqueid_7921 x Tanzania,0
uniqueid_7922 x Tanzania,0
uniqueid_7923 x Tanzania,0
uniqueid_7924 x Tanzania,0
uniqueid_7925 x Tanzania,0
uniqueid_7926 x Tanzania,0
uniqueid_7927 x Tanzania,0
uniqueid_7928 x Tanzania,0
uniqueid_7929 x Tanzania,0
uniqueid_7930 x Tanzania,0
uniqueid_7931 x Tanzania,0
uniqueid_7932 x Tanzania,0
uniqueid_7933 x Tanzania,0
uniqueid_7934 x Tanzania,0
uniqueid_7935 x Tanzania,0
uniqueid_7936 x Tanzania,0
uniqueid_7937 x Tanzania,0
uniqueid_7938 x Tanzania,0
uniqueid_7939 x Tanzania,0
uniqueid_7940 x Tanzania,0
uniqueid_7941 x Tanzania,0
uniqueid_7942 x Tanzania,1
uniqueid_7943 x Tanzania,0
uniqueid_7944 x Tanzania,0
uniqueid_7945 x Tanzania,0
uniqueid_7946 x Tanzania,0
uniqueid_7947 x Tanzania,0
uniqueid_7948 x Tanzania,0
uniqueid_7949 x Tanzania,1
uniqueid_7950 x Tanzania,0
uniqueid_7951 x Tanzania,0
uniqueid_7952 x Tanzania,0
uniqueid_7953 x Tanzania,0
uniqueid_7954 x Tanzania,0
uniqueid_7955 x Tanzania,0
uniqueid_7956 x Tanzania,0
uniqueid_7957 x Tanzania,0
uniqueid_7958 x Tanzania,0
uniqueid_7959 x Tanzania,0
uniqueid_7960 x Tanzania,0
uniqueid_7961 x Tanzania,0
uniqueid_7962 x Tanzania,0
uniqueid_7963 x Tanzania,0
uniqueid_7964 x Tanzania,0
uniqueid_7965 x Tanzania,0
uniqueid_7966 x Tanzania,0
uniqueid_7967 x Tanzania,0
uniqueid_7968 x Tanzania,0
uniqueid_7969 x Tanzania,0
uniqueid_7970 x Tanzania,0
uniqueid_7971 x Tanzania,0
uniqueid_7972 x Tanzania,0
uniqueid_7973 x Tanzania,0
uniqueid_7974 x Tanzania,0
uniqueid_7975 x Tanzania,0
uniqueid_7976 x Tanzania,0
uniqueid_7977 x Tanzania,0
uniqueid_7978 x Tanzania,0
uniqueid_7979 x Tanzania,0
uniqueid_7980 x Tanzania,0
uniqueid_7981 x Tanzania,0
uniqueid_7982 x Tanzania,0
uniqueid_7983 x Tanzania,0
uniqueid_7984 x Tanzania,0
uniqueid_7985 x Tanzania,0
uniqueid_7986 x Tanzania,0
uniqueid_7987 x Tanzania,0
uniqueid_7988 x Tanzania,0
uniqueid_7989 x Tanzania,0
uniqueid_7990 x Tanzania,0
uniqueid_7991 x Tanzania,0
uniqueid_7992 x Tanzania,0
uniqueid_7993 x Tanzania,0
uniqueid_7994 x Tanzania,0
uniqueid_7995 x Tanzania,0
uniqueid_7996 x Tanzania,0
uniqueid_7997 x Tanzania,0
uniqueid_7998 x Tanzania,0
uniqueid_7999 x Tanzania,0
uniqueid_8000 x Tanzania,0
uniqueid_8001 x Tanzania,0
uniqueid_8002 x Tanzania,0
uniqueid_8003 x Tanzania,0
uniqueid_8004 x Tanzania,0
uniqueid_8005 x Tanzania,0
uniqueid_8006 x Tanzania,1
uniqueid_8007 x Tanzania,0
uniqueid_8008 x Tanzania,0
uniqueid_8009 x Tanzania,0
uniqueid_8010 x Tanzania,0
uniqueid_8011 x Tanzania,0
uniqueid_8012 x Tanzania,0
uniqueid_8013 x Tanzania,0
uniqueid_8014 x Tanzania,0
uniqueid_8015 x Tanzania,0
uniqueid_8016 x Tanzania,0
uniqueid_8017 x Tanzania,0
uniqueid_8018 x Tanzania,0
uniqueid_8019 x Tanzania,0
uniqueid_8020 x Tanzania,0
uniqueid_8021 x Tanzania,0
uniqueid_8022 x Tanzania,0
uniqueid_8023 x Tanzania,0
uniqueid_8024 x Tanzania,0
uniqueid_8025 x Tanzania,1
uniqueid_8026 x Tanzania,0
uniqueid_8027 x Tanzania,0
uniqueid_8028 x Tanzania,0
uniqueid_8029 x Tanzania,0
uniqueid_8030 x Tanzania,0
uniqueid_8031 x Tanzania,0
uniqueid_8032 x Tanzania,0
uniqueid_8033 x Tanzania,0
uniqueid_8034 x Tanzania,0
uniqueid_8035 x Tanzania,0
uniqueid_8036 x Tanzania,0
uniqueid_8037 x Tanzania,0
uniqueid_8038 x Tanzania,0
uniqueid_8039 x Tanzania,0
uniqueid_8040 x Tanzania,0
uniqueid_8041 x Tanzania,0
uniqueid_8042 x Tanzania,0
uniqueid_8043 x Tanzania,0
uniqueid_8044 x Tanzania,0
uniqueid_8045 x Tanzania,0
uniqueid_8046 x Tanzania,0
uniqueid_8047 x Tanzania,0
uniqueid_8048 x Tanzania,0
uniqueid_8049 x Tanzania,0
uniqueid_8050 x Tanzania,0
uniqueid_8051 x Tanzania,0
uniqueid_8052 x Tanzania,0
uniqueid_8053 x Tanzania,0
uniqueid_8054 x Tanzania,1
uniqueid_8055 x Tanzania,0
uniqueid_8056 x Tanzania,0
uniqueid_8057 x Tanzania,0
uniqueid_8058 x Tanzania,0
uniqueid_8059 x Tanzania,0
uniqueid_8060 x Tanzania,0
uniqueid_8061 x Tanzania,0
uniqueid_8062 x Tanzania,0
uniqueid_8063 x Tanzania,0
uniqueid_8064 x Tanzania,0
uniqueid_8065 x Tanzania,0
uniqueid_8066 x Tanzania,0
uniqueid_8067 x Tanzania,0
uniqueid_8068 x Tanzania,0
uniqueid_8069 x Tanzania,0
uniqueid_8070 x Tanzania,0
uniqueid_8071 x Tanzania,0
uniqueid_8072 x Tanzania,0
uniqueid_8073 x Tanzania,0
uniqueid_8074 x Tanzania,0
uniqueid_8075 x Tanzania,0
uniqueid_8076 x Tanzania,0
uniqueid_8077 x Tanzania,0
uniqueid_8078 x Tanzania,0
uniqueid_8079 x Tanzania,0
uniqueid_8080 x Tanzania,0
uniqueid_8081 x Tanzania,0
uniqueid_8082 x Tanzania,0
uniqueid_8083 x Tanzania,0
uniqueid_8084 x Tanzania,0
uniqueid_8085 x Tanzania,0
uniqueid_8086 x Tanzania,0
uniqueid_8087 x Tanzania,0
uniqueid_8088 x Tanzania,0
uniqueid_8089 x Tanzania,0
uniqueid_8090 x Tanzania,0
uniqueid_8091 x Tanzania,0
uniqueid_8092 x Tanzania,0
uniqueid_8093 x Tanzania,0
uniqueid_8094 x Tanzania,0
uniqueid_8095 x Tanzania,0
uniqueid_8096 x Tanzania,0
uniqueid_8097 x Tanzania,0
uniqueid_8098 x Tanzania,0
uniqueid_8099 x Tanzania,0
uniqueid_8100 x Tanzania,0
uniqueid_8101 x Tanzania,0
uniqueid_8102 x Tanzania,0
uniqueid_8103 x Tanzania,0
uniqueid_8104 x Tanzania,0
uniqueid_8105 x Tanzania,0
uniqueid_8106 x Tanzania,0
uniqueid_8107 x Tanzania,0
uniqueid_8108 x Tanzania,0
uniqueid_8109 x Tanzania,0
uniqueid_8110 x Tanzania,0
uniqueid_8111 x Tanzania,0
uniqueid_8112 x Tanzania,0
uniqueid_8113 x Tanzania,0
uniqueid_8114 x Tanzania,0
uniqueid_8115 x Tanzania,0
uniqueid_8116 x Tanzania,0
uniqueid_8117 x Tanzania,0
uniqueid_8118 x Tanzania,0
uniqueid_8119 x Tanzania,0
uniqueid_8120 x Tanzania,0
uniqueid_8121 x Tanzania,0
uniqueid_8122 x Tanzania,0
uniqueid_8123 x Tanzania,0
uniqueid_8124 x Tanzania,0
uniqueid_8125 x Tanzania,0
uniqueid_8126 x Tanzania,0
uniqueid_8127 x Tanzania,0
uniqueid_8128 x Tanzania,0
uniqueid_8129 x Tanzania,0
uniqueid_8130 x Tanzania,0
uniqueid_8131 x Tanzania,0
uniqueid_8132 x Tanzania,0
uniqueid_8133 x Tanzania,0
uniqueid_8134 x Tanzania,0
uniqueid_8135 x Tanzania,0
uniqueid_8136 x Tanzania,0
uniqueid_8137 x Tanzania,0
uniqueid_8138 x Tanzania,0
uniqueid_8139 x Tanzania,0
uniqueid_8140 x Tanzania,0
uniqueid_8141 x Tanzania,0
uniqueid_8142 x Tanzania,0
uniqueid_8143 x Tanzania,0
uniqueid_8144 x Tanzania,0
uniqueid_8145 x Tanzania,0
uniqueid_8146 x Tanzania,0
uniqueid_8147 x Tanzania,0
uniqueid_8148 x Tanzania,0
uniqueid_8149 x Tanzania,0
uniqueid_8150 x Tanzania,0
uniqueid_8151 x Tanzania,0
uniqueid_8152 x Tanzania,1
uniqueid_8153 x Tanzania,0
uniqueid_8154 x Tanzania,0
uniqueid_8155 x Tanzania,0
uniqueid_8156 x Tanzania,0
uniqueid_8157 x Tanzania,0
uniqueid_8158 x Tanzania,0
uniqueid_8159 x Tanzania,0
uniqueid_8160 x Tanzania,0
uniqueid_8161 x Tanzania,0
uniqueid_8162 x Tanzania,0
uniqueid_8163 x Tanzania,0
uniqueid_8164 x Tanzania,0
uniqueid_8165 x Tanzania,0
uniqueid_8166 x Tanzania,0
uniqueid_8167 x Tanzania,0
uniqueid_8168 x Tanzania,0
uniqueid_8169 x Tanzania,0
uniqueid_8170 x Tanzania,0
uniqueid_8171 x Tanzania,0
uniqueid_8172 x Tanzania,0
uniqueid_8173 x Tanzania,0
uniqueid_8174 x Tanzania,0
uniqueid_8175 x Tanzania,0
uniqueid_8176 x Tanzania,0
uniqueid_8177 x Tanzania,0
uniqueid_8178 x Tanzania,0
uniqueid_8179 x Tanzania,0
uniqueid_8180 x Tanzania,0
uniqueid_8181 x Tanzania,0
uniqueid_8182 x Tanzania,0
uniqueid_8183 x Tanzania,0
uniqueid_8184 x Tanzania,0
uniqueid_8185 x Tanzania,0
uniqueid_8186 x Tanzania,0
uniqueid_8187 x Tanzania,0
uniqueid_8188 x Tanzania,0
uniqueid_8189 x Tanzania,0
uniqueid_8190 x Tanzania,0
uniqueid_8191 x Tanzania,0
uniqueid_8192 x Tanzania,0
uniqueid_8193 x Tanzania,0
uniqueid_8194 x Tanzania,0
uniqueid_8195 x Tanzania,0
uniqueid_8196 x Tanzania,0
uniqueid_8197 x Tanzania,0
uniqueid_8198 x Tanzania,0
uniqueid_8199 x Tanzania,0
uniqueid_8200 x Tanzania,0
uniqueid_8201 x Tanzania,0
uniqueid_8202 x Tanzania,0
uniqueid_8203 x Tanzania,0
uniqueid_8204 x Tanzania,0
uniqueid_8205 x Tanzania,0
uniqueid_8206 x Tanzania,0
uniqueid_8207 x Tanzania,0
uniqueid_8208 x Tanzania,0
uniqueid_8209 x Tanzania,0
uniqueid_8210 x Tanzania,0
uniqueid_8211 x Tanzania,0
uniqueid_8212 x Tanzania,0
uniqueid_8213 x Tanzania,0
uniqueid_8214 x Tanzania,0
uniqueid_8215 x Tanzania,0
uniqueid_8216 x Tanzania,0
uniqueid_8217 x Tanzania,0
uniqueid_8218 x Tanzania,0
uniqueid_8219 x Tanzania,0
uniqueid_8220 x Tanzania,0
uniqueid_8221 x Tanzania,0
uniqueid_8222 x Tanzania,0
uniqueid_8223 x Tanzania,0
uniqueid_8224 x Tanzania,0
uniqueid_8225 x Tanzania,0
uniqueid_8226 x Tanzania,0
uniqueid_8227 x Tanzania,0
uniqueid_8228 x Tanzania,0
uniqueid_8229 x Tanzania,0
uniqueid_8230 x Tanzania,0
uniqueid_8231 x Tanzania,0
uniqueid_8232 x Tanzania,0
uniqueid_8233 x Tanzania,0
uniqueid_8234 x Tanzania,0
uniqueid_8235 x Tanzania,0
uniqueid_8236 x Tanzania,0
uniqueid_8237 x Tanzania,1
uniqueid_8238 x Tanzania,0
uniqueid_8239 x Tanzania,0
uniqueid_8240 x Tanzania,0
uniqueid_8241 x Tanzania,1
uniqueid_8242 x Tanzania,0
uniqueid_8243 x Tanzania,0
uniqueid_8244 x Tanzania,0
uniqueid_8245 x Tanzania,0
uniqueid_8246 x Tanzania,0
uniqueid_8247 x Tanzania,0
uniqueid_8248 x Tanzania,0
uniqueid_8249 x Tanzania,0
uniqueid_8250 x Tanzania,0
uniqueid_8251 x Tanzania,0
uniqueid_8252 x Tanzania,0
uniqueid_8253 x Tanzania,0
uniqueid_8254 x Tanzania,0
uniqueid_8255 x Tanzania,0
uniqueid_8256 x Tanzania,0
uniqueid_8257 x Tanzania,0
uniqueid_8258 x Tanzania,0
uniqueid_8259 x Tanzania,0
uniqueid_8260 x Tanzania,0
uniqueid_8261 x Tanzania,0
uniqueid_8262 x Tanzania,0
uniqueid_8263 x Tanzania,0
uniqueid_8264 x Tanzania,0
uniqueid_8265 x Tanzania,0
uniqueid_8266 x Tanzania,0
uniqueid_8267 x Tanzania,0
uniqueid_8268 x Tanzania,0
uniqueid_8269 x Tanzania,0
uniqueid_8270 x Tanzania,0
uniqueid_8271 x Tanzania,0
uniqueid_8272 x Tanzania,0
uniqueid_8273 x Tanzania,0
uniqueid_8274 x Tanzania,0
uniqueid_8275 x Tanzania,0
uniqueid_8276 x Tanzania,0
uniqueid_8277 x Tanzania,0
uniqueid_8278 x Tanzania,0
uniqueid_8279 x Tanzania,0
uniqueid_8280 x Tanzania,0
uniqueid_8281 x Tanzania,0
uniqueid_8282 x Tanzania,0
uniqueid_8283 x Tanzania,0
uniqueid_8284 x Tanzania,0
uniqueid_8285 x Tanzania,0
uniqueid_8286 x Tanzania,0
uniqueid_8287 x Tanzania,0
uniqueid_8288 x Tanzania,0
uniqueid_8289 x Tanzania,0
uniqueid_8290 x Tanzania,0
uniqueid_8291 x Tanzania,0
uniqueid_8292 x Tanzania,0
uniqueid_8293 x Tanzania,0
uniqueid_8294 x Tanzania,0
uniqueid_8295 x Tanzania,0
uniqueid_8296 x Tanzania,0
uniqueid_8297 x Tanzania,0
uniqueid_8298 x Tanzania,0
uniqueid_8299 x Tanzania,0
uniqueid_8300 x Tanzania,0
uniqueid_8301 x Tanzania,0
uniqueid_8302 x Tanzania,0
uniqueid_8303 x Tanzania,0
uniqueid_8304 x Tanzania,0
uniqueid_8305 x Tanzania,0
uniqueid_8306 x Tanzania,0
uniqueid_8307 x Tanzania,0
uniqueid_8308 x Tanzania,0
uniqueid_8309 x Tanzania,0
uniqueid_8310 x Tanzania,0
uniqueid_8311 x Tanzania,0
uniqueid_8312 x Tanzania,0
uniqueid_8313 x Tanzania,0
uniqueid_8314 x Tanzania,0
uniqueid_8315 x Tanzania,0
uniqueid_8316 x Tanzania,0
uniqueid_8317 x Tanzania,0
uniqueid_8318 x Tanzania,0
uniqueid_8319 x Tanzania,0
uniqueid_8320 x Tanzania,0
uniqueid_8321 x Tanzania,0
uniqueid_8322 x Tanzania,1
uniqueid_8323 x Tanzania,0
uniqueid_8324 x Tanzania,0
uniqueid_8325 x Tanzania,0
uniqueid_8326 x Tanzania,0
uniqueid_8327 x Tanzania,0
uniqueid_8328 x Tanzania,0
uniqueid_8329 x Tanzania,0
uniqueid_8330 x Tanzania,0
uniqueid_8331 x Tanzania,0
uniqueid_8332 x Tanzania,0
uniqueid_8333 x Tanzania,0
uniqueid_8334 x Tanzania,0
uniqueid_8335 x Tanzania,0
uniqueid_8336 x Tanzania,0
uniqueid_8337 x Tanzania,0
uniqueid_8338 x Tanzania,0
uniqueid_8339 x Tanzania,0
uniqueid_8340 x Tanzania,0
uniqueid_8341 x Tanzania,0
uniqueid_8342 x Tanzania,0
uniqueid_8343 x Tanzania,0
uniqueid_8344 x Tanzania,0
uniqueid_8345 x Tanzania,0
uniqueid_8346 x Tanzania,0
uniqueid_8347 x Tanzania,0
uniqueid_8348 x Tanzania,0
uniqueid_8349 x Tanzania,0
uniqueid_8350 x Tanzania,0
uniqueid_8351 x Tanzania,0
uniqueid_8352 x Tanzania,0
uniqueid_8353 x Tanzania,0
uniqueid_8354 x Tanzania,0
uniqueid_8355 x Tanzania,0
uniqueid_8356 x Tanzania,0
uniqueid_8357 x Tanzania,0
uniqueid_8358 x Tanzania,0
uniqueid_8359 x Tanzania,0
uniqueid_8360 x Tanzania,0
uniqueid_8361 x Tanzania,0
uniqueid_8362 x Tanzania,0
uniqueid_8363 x Tanzania,0
uniqueid_8364 x Tanzania,0
uniqueid_8365 x Tanzania,0
uniqueid_8366 x Tanzania,0
uniqueid_8367 x Tanzania,0
uniqueid_8368 x Tanzania,0
uniqueid_8369 x Tanzania,0
uniqueid_8370 x Tanzania,0
uniqueid_8371 x Tanzania,0
uniqueid_8372 x Tanzania,0
uniqueid_8373 x Tanzania,0
uniqueid_8374 x Tanzania,0
uniqueid_8375 x Tanzania,0
uniqueid_8376 x Tanzania,0
uniqueid_8377 x Tanzania,1
uniqueid_8378 x Tanzania,0
uniqueid_8379 x Tanzania,0
uniqueid_8380 x Tanzania,0
uniqueid_8381 x Tanzania,0
uniqueid_8382 x Tanzania,0
uniqueid_8383 x Tanzania,0
uniqueid_8384 x Tanzania,0
uniqueid_8385 x Tanzania,0
uniqueid_8386 x Tanzania,0
uniqueid_8387 x Tanzania,0
uniqueid_8388 x Tanzania,0
uniqueid_8389 x Tanzania,0
uniqueid_8390 x Tanzania,0
uniqueid_8391 x Tanzania,0
uniqueid_8392 x Tanzania,0
uniqueid_8393 x Tanzania,0
uniqueid_8394 x Tanzania,0
uniqueid_8395 x Tanzania,0
uniqueid_8396 x Tanzania,0
uniqueid_8397 x Tanzania,0
uniqueid_8398 x Tanzania,0
uniqueid_8399 x Tanzania,0
uniqueid_8400 x Tanzania,0
uniqueid_8401 x Tanzania,0
uniqueid_8402 x Tanzania,0
uniqueid_8403 x Tanzania,0
uniqueid_8404 x Tanzania,0
uniqueid_8405 x Tanzania,0
uniqueid_8406 x Tanzania,0
uniqueid_8407 x Tanzania,0
uniqueid_8408 x Tanzania,0
uniqueid_8409 x Tanzania,0
uniqueid_8410 x Tanzania,0
uniqueid_8411 x Tanzania,0
uniqueid_8412 x Tanzania,0
uniqueid_8413 x Tanzania,0
uniqueid_8414 x Tanzania,0
uniqueid_8415 x Tanzania,0
uniqueid_8416 x Tanzania,0
uniqueid_8417 x Tanzania,0
uniqueid_8418 x Tanzania,0
uniqueid_8419 x Tanzania,0
uniqueid_8420 x Tanzania,0
uniqueid_8421 x Tanzania,0
uniqueid_8422 x Tanzania,0
uniqueid_8423 x Tanzania,0
uniqueid_8424 x Tanzania,0
uniqueid_8425 x Tanzania,0
uniqueid_8426 x Tanzania,0
uniqueid_8427 x Tanzania,0
uniqueid_8428 x Tanzania,0
uniqueid_8429 x Tanzania,0
uniqueid_8430 x Tanzania,0
uniqueid_8431 x Tanzania,0
uniqueid_8432 x Tanzania,0
uniqueid_8433 x Tanzania,0
uniqueid_8434 x Tanzania,0
uniqueid_8435 x Tanzania,0
uniqueid_8436 x Tanzania,0
uniqueid_8437 x Tanzania,0
uniqueid_8438 x Tanzania,1
uniqueid_8439 x Tanzania,0
uniqueid_8440 x Tanzania,0
uniqueid_8441 x Tanzania,0
uniqueid_8442 x Tanzania,0
uniqueid_8443 x Tanzania,1
uniqueid_8444 x Tanzania,0
uniqueid_8445 x Tanzania,0
uniqueid_8446 x Tanzania,0
uniqueid_8447 x Tanzania,0
uniqueid_8448 x Tanzania,0
uniqueid_8449 x Tanzania,0
uniqueid_8450 x Tanzania,0
uniqueid_8451 x Tanzania,0
uniqueid_8452 x Tanzania,1
uniqueid_8453 x Tanzania,0
uniqueid_8454 x Tanzania,0
uniqueid_8455 x Tanzania,0
uniqueid_8456 x Tanzania,0
uniqueid_8457 x Tanzania,0
uniqueid_8458 x Tanzania,0
uniqueid_8459 x Tanzania,0
uniqueid_8460 x Tanzania,0
uniqueid_8461 x Tanzania,0
uniqueid_8462 x Tanzania,0
uniqueid_8463 x Tanzania,0
uniqueid_8464 x Tanzania,0
uniqueid_8465 x Tanzania,0
uniqueid_8466 x Tanzania,0
uniqueid_8467 x Tanzania,0
uniqueid_8468 x Tanzania,0
uniqueid_8469 x Tanzania,0
uniqueid_8470 x Tanzania,0
uniqueid_8471 x Tanzania,0
uniqueid_8472 x Tanzania,0
uniqueid_8473 x Tanzania,0
uniqueid_8474 x Tanzania,0
uniqueid_8475 x Tanzania,0
uniqueid_8476 x Tanzania,0
uniqueid_8477 x Tanzania,0
uniqueid_8478 x Tanzania,0
uniqueid_8479 x Tanzania,0
uniqueid_8480 x Tanzania,0
uniqueid_8481 x Tanzania,0
uniqueid_8482 x Tanzania,0
uniqueid_8483 x Tanzania,0
uniqueid_8484 x Tanzania,0
uniqueid_8485 x Tanzania,0
uniqueid_8486 x Tanzania,0
uniqueid_8487 x Tanzania,0
uniqueid_8488 x Tanzania,0
uniqueid_8489 x Tanzania,0
uniqueid_8490 x Tanzania,0
uniqueid_8491 x Tanzania,0
uniqueid_8492 x Tanzania,0
uniqueid_8493 x Tanzania,0
uniqueid_8494 x Tanzania,0
uniqueid_8495 x Tanzania,0
uniqueid_8496 x Tanzania,0
uniqueid_8497 x Tanzania,0
uniqueid_8498 x Tanzania,0
uniqueid_8499 x Tanzania,0
uniqueid_8500 x Tanzania,0
uniqueid_8501 x Tanzania,0
uniqueid_8502 x Tanzania,0
uniqueid_8503 x Tanzania,0
uniqueid_8504 x Tanzania,0
uniqueid_8505 x Tanzania,0
uniqueid_8506 x Tanzania,0
uniqueid_8507 x Tanzania,0
uniqueid_8508 x Tanzania,0
uniqueid_8509 x Tanzania,0
uniqueid_8510 x Tanzania,0
uniqueid_8511 x Tanzania,0
uniqueid_8512 x Tanzania,0
uniqueid_8513 x Tanzania,0
uniqueid_8514 x Tanzania,0
uniqueid_8515 x Tanzania,0
uniqueid_8516 x Tanzania,0
uniqueid_8517 x Tanzania,1
uniqueid_8518 x Tanzania,0
uniqueid_8519 x Tanzania,0
uniqueid_8520 x Tanzania,0
uniqueid_8521 x Tanzania,0
uniqueid_8522 x Tanzania,0
uniqueid_8523 x Tanzania,0
uniqueid_8524 x Tanzania,0
uniqueid_8525 x Tanzania,0
uniqueid_8526 x Tanzania,0
uniqueid_8527 x Tanzania,0
uniqueid_8528 x Tanzania,0
uniqueid_8529 x Tanzania,0
uniqueid_8530 x Tanzania,0
uniqueid_8531 x Tanzania,0
uniqueid_8532 x Tanzania,0
uniqueid_8533 x Tanzania,0
uniqueid_8534 x Tanzania,0
uniqueid_8535 x Tanzania,0
uniqueid_8536 x Tanzania,0
uniqueid_8537 x Tanzania,0
uniqueid_8538 x Tanzania,0
uniqueid_8539 x Tanzania,0
uniqueid_8540 x Tanzania,0
uniqueid_8541 x Tanzania,0
uniqueid_8542 x Tanzania,0
uniqueid_8543 x Tanzania,0
uniqueid_8544 x Tanzania,0
uniqueid_8545 x Tanzania,0
uniqueid_8546 x Tanzania,0
uniqueid_8547 x Tanzania,0
uniqueid_8548 x Tanzania,0
uniqueid_8549 x Tanzania,0
uniqueid_8550 x Tanzania,0
uniqueid_8551 x Tanzania,0
uniqueid_8552 x Tanzania,0
uniqueid_8553 x Tanzania,0
uniqueid_8554 x Tanzania,0
uniqueid_8555 x Tanzania,0
uniqueid_8556 x Tanzania,0
uniqueid_8557 x Tanzania,0
uniqueid_8558 x Tanzania,0
uniqueid_8559 x Tanzania,0
uniqueid_8560 x Tanzania,0
uniqueid_8561 x Tanzania,0
uniqueid_8562 x Tanzania,0
uniqueid_8563 x Tanzania,0
uniqueid_8564 x Tanzania,0
uniqueid_8565 x Tanzania,0
uniqueid_8566 x Tanzania,0
uniqueid_8567 x Tanzania,0
uniqueid_8568 x Tanzania,0
uniqueid_8569 x Tanzania,1
uniqueid_8570 x Tanzania,0
uniqueid_8571 x Tanzania,0
uniqueid_8572 x Tanzania,0
uniqueid_8573 x Tanzania,0
uniqueid_8574 x Tanzania,0
uniqueid_8575 x Tanzania,0
uniqueid_8576 x Tanzania,0
uniqueid_8577 x Tanzania,0
uniqueid_8578 x Tanzania,1
uniqueid_8579 x Tanzania,0
uniqueid_8580 x Tanzania,0
uniqueid_8581 x Tanzania,0
uniqueid_8582 x Tanzania,0
uniqueid_8583 x Tanzania,0
uniqueid_8584 x Tanzania,0
uniqueid_8585 x Tanzania,0
uniqueid_8586 x Tanzania,0
uniqueid_8587 x Tanzania,0
uniqueid_8588 x Tanzania,0
uniqueid_8589 x Tanzania,0
uniqueid_8590 x Tanzania,0
uniqueid_8591 x Tanzania,0
uniqueid_8592 x Tanzania,0
uniqueid_8593 x Tanzania,0
uniqueid_8594 x Tanzania,0
uniqueid_8595 x Tanzania,1
uniqueid_8596 x Tanzania,0
uniqueid_8597 x Tanzania,0
uniqueid_8598 x Tanzania,0
uniqueid_8599 x Tanzania,0
uniqueid_8600 x Tanzania,0
uniqueid_8601 x Tanzania,0
uniqueid_8602 x Tanzania,0
uniqueid_8603 x Tanzania,0
uniqueid_8604 x Tanzania,0
uniqueid_8605 x Tanzania,0
uniqueid_8606 x Tanzania,0
uniqueid_8607 x Tanzania,0
uniqueid_8608 x Tanzania,0
uniqueid_8609 x Tanzania,0
uniqueid_8610 x Tanzania,0
uniqueid_8611 x Tanzania,0
uniqueid_8612 x Tanzania,0
uniqueid_8613 x Tanzania,0
uniqueid_8614 x Tanzania,0
uniqueid_8615 x Tanzania,0
uniqueid_8616 x Tanzania,0
uniqueid_8617 x Tanzania,0
uniqueid_8618 x Tanzania,0
uniqueid_8619 x Tanzania,0
uniqueid_8620 x Tanzania,0
uniqueid_8621 x Tanzania,0
uniqueid_8622 x Tanzania,0
uniqueid_8623 x Tanzania,0
uniqueid_8624 x Tanzania,0
uniqueid_8625 x Tanzania,0
uniqueid_8626 x Tanzania,0
uniqueid_8627 x Tanzania,0
uniqueid_8628 x Tanzania,0
uniqueid_8629 x Tanzania,0
uniqueid_8630 x Tanzania,0
uniqueid_8631 x Tanzania,0
uniqueid_8632 x Tanzania,0
uniqueid_8633 x Tanzania,0
uniqueid_8634 x Tanzania,0
uniqueid_8635 x Tanzania,0
uniqueid_8636 x Tanzania,0
uniqueid_8637 x Tanzania,0
uniqueid_8638 x Tanzania,0
uniqueid_8639 x Tanzania,0
uniqueid_8640 x Tanzania,0
uniqueid_8641 x Tanzania,0
uniqueid_8642 x Tanzania,0
uniqueid_8643 x Tanzania,0
uniqueid_8644 x Tanzania,0
uniqueid_8645 x Tanzania,0
uniqueid_8646 x Tanzania,0
uniqueid_8647 x Tanzania,0
uniqueid_8648 x Tanzania,0
uniqueid_8649 x Tanzania,1
uniqueid_8650 x Tanzania,0
uniqueid_8651 x Tanzania,0
uniqueid_8652 x Tanzania,0
uniqueid_8653 x Tanzania,0
uniqueid_8654 x Tanzania,0
uniqueid_8655 x Tanzania,0
uniqueid_8656 x Tanzania,0
uniqueid_8657 x Tanzania,0
uniqueid_8658 x Tanzania,0
uniqueid_8659 x Tanzania,0
uniqueid_8660 x Tanzania,0
uniqueid_8661 x Tanzania,0
uniqueid_8662 x Tanzania,0
uniqueid_8663 x Tanzania,0
uniqueid_8664 x Tanzania,0
uniqueid_8665 x Tanzania,0
uniqueid_8666 x Tanzania,0
uniqueid_8667 x Tanzania,0
uniqueid_8668 x Tanzania,0
uniqueid_8669 x Tanzania,0
uniqueid_8670 x Tanzania,0
uniqueid_8671 x Tanzania,0
uniqueid_8672 x Tanzania,0
uniqueid_8673 x Tanzania,0
uniqueid_8674 x Tanzania,0
uniqueid_8675 x Tanzania,0
uniqueid_8676 x Tanzania,0
uniqueid_8677 x Tanzania,0
uniqueid_8678 x Tanzania,0
uniqueid_8679 x Tanzania,0
uniqueid_8680 x Tanzania,0
uniqueid_8681 x Tanzania,0
uniqueid_8682 x Tanzania,0
uniqueid_8683 x Tanzania,0
uniqueid_8684 x Tanzania,0
uniqueid_8685 x Tanzania,0
uniqueid_8686 x Tanzania,0
uniqueid_8687 x Tanzania,0
uniqueid_8688 x Tanzania,0
uniqueid_8689 x Tanzania,0
uniqueid_8690 x Tanzania,0
uniqueid_8691 x Tanzania,0
uniqueid_8692 x Tanzania,0
uniqueid_8693 x Tanzania,0
uniqueid_8694 x Tanzania,0
uniqueid_8695 x Tanzania,0
uniqueid_8696 x Tanzania,0
uniqueid_8697 x Tanzania,0
uniqueid_8698 x Tanzania,0
uniqueid_8699 x Tanzania,0
uniqueid_8700 x Tanzania,0
uniqueid_8701 x Tanzania,0
uniqueid_8702 x Tanzania,0
uniqueid_8703 x Tanzania,0
uniqueid_8704 x Tanzania,0
uniqueid_8705 x Tanzania,0
uniqueid_8706 x Tanzania,0
uniqueid_8707 x Tanzania,0
uniqueid_8708 x Tanzania,0
uniqueid_8709 x Tanzania,0
uniqueid_8710 x Tanzania,0
uniqueid_8711 x Tanzania,0
uniqueid_8712 x Tanzania,0
uniqueid_8713 x Tanzania,1
uniqueid_8714 x Tanzania,0
uniqueid_8715 x Tanzania,0
uniqueid_8716 x Tanzania,0
uniqueid_8717 x Tanzania,0
uniqueid_8718 x Tanzania,0
uniqueid_8719 x Tanzania,0
uniqueid_8720 x Tanzania,0
uniqueid_8721 x Tanzania,0
uniqueid_8722 x Tanzania,0
uniqueid_8723 x Tanzania,0
uniqueid_8724 x Tanzania,0
uniqueid_8725 x Tanzania,0
uniqueid_8726 x Tanzania,0
uniqueid_8727 x Tanzania,0
uniqueid_8728 x Tanzania,0
uniqueid_8729 x Tanzania,0
uniqueid_8730 x Tanzania,0
uniqueid_8731 x Tanzania,1
uniqueid_8732 x Tanzania,0
uniqueid_8733 x Tanzania,0
uniqueid_8734 x Tanzania,1
uniqueid_8735 x Tanzania,0
uniqueid_8736 x Tanzania,0
uniqueid_8737 x Tanzania,0
uniqueid_8738 x Tanzania,0
uniqueid_8739 x Tanzania,0
uniqueid_8740 x Tanzania,0
uniqueid_8741 x Tanzania,0
uniqueid_8742 x Tanzania,0
uniqueid_8743 x Tanzania,0
uniqueid_8744 x Tanzania,0
uniqueid_8745 x Tanzania,0
uniqueid_8746 x Tanzania,0
uniqueid_8747 x Tanzania,0
uniqueid_8748 x Tanzania,0
uniqueid_8749 x Tanzania,0
uniqueid_8750 x Tanzania,0
uniqueid_8751 x Tanzania,0
uniqueid_8752 x Tanzania,0
uniqueid_8753 x Tanzania,0
uniqueid_8754 x Tanzania,0
uniqueid_8755 x Tanzania,0
uniqueid_8756 x Tanzania,0
uniqueid_8757 x Tanzania,0
uniqueid_8758 x Tanzania,0
uniqueid_8759 x Tanzania,0
uniqueid_8760 x Tanzania,0
uniqueid_8761 x Tanzania,0
uniqueid_8762 x Tanzania,0
uniqueid_8763 x Tanzania,0
uniqueid_8764 x Tanzania,0
uniqueid_8765 x Tanzania,0
uniqueid_8766 x Tanzania,0
uniqueid_8767 x Tanzania,0
uniqueid_8768 x Tanzania,0
uniqueid_8769 x Tanzania,0
uniqueid_8770 x Tanzania,0
uniqueid_8771 x Tanzania,0
uniqueid_8772 x Tanzania,0
uniqueid_8773 x Tanzania,0
uniqueid_8774 x Tanzania,0
uniqueid_8775 x Tanzania,0
uniqueid_8776 x Tanzania,0
uniqueid_8777 x Tanzania,0
uniqueid_8778 x Tanzania,1
uniqueid_8779 x Tanzania,0
uniqueid_8780 x Tanzania,0
uniqueid_8781 x Tanzania,0
uniqueid_8782 x Tanzania,0
uniqueid_8783 x Tanzania,0
uniqueid_8784 x Tanzania,0
uniqueid_8785 x Tanzania,0
uniqueid_8786 x Tanzania,0
uniqueid_8787 x Tanzania,0
uniqueid_8788 x Tanzania,0
uniqueid_8789 x Tanzania,0
uniqueid_8790 x Tanzania,0
uniqueid_8791 x Tanzania,0
uniqueid_8792 x Tanzania,0
uniqueid_8793 x Tanzania,0
uniqueid_8794 x Tanzania,0
uniqueid_8795 x Tanzania,0
uniqueid_8796 x Tanzania,0
uniqueid_8797 x Tanzania,0
uniqueid_8798 x Tanzania,0
uniqueid_8799 x Tanzania,0
uniqueid_8800 x Tanzania,0
uniqueid_8801 x Tanzania,0
uniqueid_8802 x Tanzania,0
uniqueid_8803 x Tanzania,0
uniqueid_8804 x Tanzania,0
uniqueid_8805 x Tanzania,0
uniqueid_8806 x Tanzania,0
uniqueid_8807 x Tanzania,0
uniqueid_8808 x Tanzania,0
uniqueid_8809 x Tanzania,0
uniqueid_8810 x Tanzania,0
uniqueid_8811 x Tanzania,0
uniqueid_8812 x Tanzania,0
uniqueid_8813 x Tanzania,0
uniqueid_8814 x Tanzania,0
uniqueid_8815 x Tanzania,0
uniqueid_8816 x Tanzania,0
uniqueid_8817 x Tanzania,0
uniqueid_8818 x Tanzania,0
uniqueid_8819 x Tanzania,0
uniqueid_8820 x Tanzania,0
uniqueid_8821 x Tanzania,0
uniqueid_8822 x Tanzania,0
uniqueid_8823 x Tanzania,0
uniqueid_8824 x Tanzania,0
uniqueid_8825 x Tanzania,0
uniqueid_8826 x Tanzania,0
uniqueid_8827 x Tanzania,0
uniqueid_8828 x Tanzania,0
uniqueid_8829 x Tanzania,0
uniqueid_8830 x Tanzania,0
uniqueid_8831 x Tanzania,0
uniqueid_8832 x Tanzania,0
uniqueid_8833 x Tanzania,0
uniqueid_8834 x Tanzania,0
uniqueid_8835 x Tanzania,0
uniqueid_8836 x Tanzania,0
uniqueid_8837 x Tanzania,0
uniqueid_8838 x Tanzania,0
uniqueid_8839 x Tanzania,0
uniqueid_8840 x Tanzania,0
uniqueid_8841 x Tanzania,0
uniqueid_8842 x Tanzania,0
uniqueid_8843 x Tanzania,0
uniqueid_8844 x Tanzania,0
uniqueid_8845 x Tanzania,0
uniqueid_8846 x Tanzania,0
uniqueid_8847 x Tanzania,0
uniqueid_8848 x Tanzania,0
uniqueid_8849 x Tanzania,0
uniqueid_8850 x Tanzania,0
uniqueid_8851 x Tanzania,0
uniqueid_8852 x Tanzania,0
uniqueid_8853 x Tanzania,0
uniqueid_8854 x Tanzania,0
uniqueid_8855 x Tanzania,0
uniqueid_8856 x Tanzania,0
uniqueid_8857 x Tanzania,0
uniqueid_8858 x Tanzania,0
uniqueid_8859 x Tanzania,0
uniqueid_8860 x Tanzania,0
uniqueid_8861 x Tanzania,0
uniqueid_8862 x Tanzania,0
uniqueid_8863 x Tanzania,0
uniqueid_8864 x Tanzania,0
uniqueid_8865 x Tanzania,0
uniqueid_8866 x Tanzania,0
uniqueid_8867 x Tanzania,0
uniqueid_8868 x Tanzania,0
uniqueid_8869 x Tanzania,0
uniqueid_8870 x Tanzania,0
uniqueid_8871 x Tanzania,0
uniqueid_8872 x Tanzania,0
uniqueid_8873 x Tanzania,0
uniqueid_8874 x Tanzania,0
uniqueid_8875 x Tanzania,0
uniqueid_8876 x Tanzania,0
uniqueid_8877 x Tanzania,0
uniqueid_8878 x Tanzania,0
uniqueid_8879 x Tanzania,0
uniqueid_8880 x Tanzania,0
uniqueid_8881 x Tanzania,0
uniqueid_8882 x Tanzania,0
uniqueid_8883 x Tanzania,0
uniqueid_8884 x Tanzania,0
uniqueid_8885 x Tanzania,0
uniqueid_8886 x Tanzania,0
uniqueid_8887 x Tanzania,0
uniqueid_8888 x Tanzania,0
uniqueid_8889 x Tanzania,0
uniqueid_8890 x Tanzania,0
uniqueid_8891 x Tanzania,0
uniqueid_8892 x Tanzania,0
uniqueid_8893 x Tanzania,0
uniqueid_8894 x Tanzania,0
uniqueid_8895 x Tanzania,0
uniqueid_8896 x Tanzania,0
uniqueid_8897 x Tanzania,0
uniqueid_8898 x Tanzania,0
uniqueid_8899 x Tanzania,0
uniqueid_8900 x Tanzania,0
uniqueid_8901 x Tanzania,0
uniqueid_8902 x Tanzania,0
uniqueid_8903 x Tanzania,0
uniqueid_8904 x Tanzania,0
uniqueid_8905 x Tanzania,0
uniqueid_8906 x Tanzania,0
uniqueid_8907 x Tanzania,0
uniqueid_8908 x Tanzania,0
uniqueid_8909 x Tanzania,0
uniqueid_8910 x Tanzania,0
uniqueid_8911 x Tanzania,0
uniqueid_8912 x Tanzania,0
uniqueid_8913 x Tanzania,0
uniqueid_8914 x Tanzania,0
uniqueid_8915 x Tanzania,0
uniqueid_8916 x Tanzania,0
uniqueid_8917 x Tanzania,0
uniqueid_8918 x Tanzania,0
uniqueid_8919 x Tanzania,0
uniqueid_8920 x Tanzania,0
uniqueid_8921 x Tanzania,0
uniqueid_8922 x Tanzania,0
uniqueid_8923 x Tanzania,1
uniqueid_8924 x Tanzania,0
uniqueid_8925 x Tanzania,0
uniqueid_8926 x Tanzania,1
uniqueid_8927 x Tanzania,0
uniqueid_8928 x Tanzania,0
uniqueid_8929 x Tanzania,0
uniqueid_8930 x Tanzania,0
uniqueid_8931 x Tanzania,0
uniqueid_8932 x Tanzania,0
uniqueid_8933 x Tanzania,0
uniqueid_8934 x Tanzania,0
uniqueid_8935 x Tanzania,0
uniqueid_8936 x Tanzania,0
uniqueid_8937 x Tanzania,0
uniqueid_8938 x Tanzania,0
uniqueid_8939 x Tanzania,0
uniqueid_8940 x Tanzania,0
uniqueid_8941 x Tanzania,0
uniqueid_8942 x Tanzania,0
uniqueid_8943 x Tanzania,0
uniqueid_8944 x Tanzania,0
uniqueid_8945 x Tanzania,0
uniqueid_8946 x Tanzania,0
uniqueid_8947 x Tanzania,0
uniqueid_8948 x Tanzania,0
uniqueid_8949 x Tanzania,0
uniqueid_8950 x Tanzania,0
uniqueid_8951 x Tanzania,0
uniqueid_8952 x Tanzania,0
uniqueid_8953 x Tanzania,0
uniqueid_8954 x Tanzania,0
uniqueid_8955 x Tanzania,0
uniqueid_8956 x Tanzania,0
uniqueid_8957 x Tanzania,0
uniqueid_8958 x Tanzania,0
uniqueid_8959 x Tanzania,0
uniqueid_8960 x Tanzania,0
uniqueid_8961 x Tanzania,0
uniqueid_8962 x Tanzania,0
uniqueid_8963 x Tanzania,0
uniqueid_8964 x Tanzania,0
uniqueid_8965 x Tanzania,0
uniqueid_8966 x Tanzania,0
uniqueid_8967 x Tanzania,0
uniqueid_8968 x Tanzania,1
uniqueid_8969 x Tanzania,0
uniqueid_8970 x Tanzania,0
uniqueid_8971 x Tanzania,0
uniqueid_8972 x Tanzania,0
uniqueid_8973 x Tanzania,0
uniqueid_8974 x Tanzania,0
uniqueid_8975 x Tanzania,0
uniqueid_8976 x Tanzania,0
uniqueid_8977 x Tanzania,0
uniqueid_8978 x Tanzania,0
uniqueid_8979 x Tanzania,0
uniqueid_8980 x Tanzania,0
uniqueid_8981 x Tanzania,0
uniqueid_8982 x Tanzania,0
uniqueid_8983 x Tanzania,0
uniqueid_8984 x Tanzania,0
uniqueid_8985 x Tanzania,0
uniqueid_8986 x Tanzania,0
uniqueid_8987 x Tanzania,0
uniqueid_8988 x Tanzania,0
uniqueid_8989 x Tanzania,0
uniqueid_8990 x Tanzania,0
uniqueid_8991 x Tanzania,0
uniqueid_8992 x Tanzania,0
uniqueid_8993 x Tanzania,0
uniqueid_8994 x Tanzania,0
uniqueid_8995 x Tanzania,0
uniqueid_8996 x Tanzania,0
uniqueid_8997 x Tanzania,0
uniqueid_8998 x Tanzania,0
uniqueid_8999 x Tanzania,0
uniqueid_9000 x Tanzania,0
uniqueid_9001 x Tanzania,0
uniqueid_9002 x Tanzania,0
uniqueid_9003 x Tanzania,0
uniqueid_9004 x Tanzania,0
uniqueid_9005 x Tanzania,0
uniqueid_9006 x Tanzania,0
uniqueid_9007 x Tanzania,0
uniqueid_9008 x Tanzania,0
uniqueid_9009 x Tanzania,0
uniqueid_9010 x Tanzania,0
uniqueid_9011 x Tanzania,0
uniqueid_9012 x Tanzania,0
uniqueid_9013 x Tanzania,0
uniqueid_9014 x Tanzania,0
uniqueid_9015 x Tanzania,0
uniqueid_9016 x Tanzania,0
uniqueid_9017 x Tanzania,0
uniqueid_9018 x Tanzania,0
uniqueid_9019 x Tanzania,0
uniqueid_9020 x Tanzania,0
uniqueid_9021 x Tanzania,0
uniqueid_9022 x Tanzania,0
uniqueid_9023 x Tanzania,0
uniqueid_9024 x Tanzania,0
uniqueid_9025 x Tanzania,0
uniqueid_9026 x Tanzania,0
uniqueid_9027 x Tanzania,0
uniqueid_9028 x Tanzania,0
uniqueid_9029 x Tanzania,0
uniqueid_9030 x Tanzania,0
uniqueid_9031 x Tanzania,0
uniqueid_9032 x Tanzania,0
uniqueid_9033 x Tanzania,0
uniqueid_9034 x Tanzania,0
uniqueid_9035 x Tanzania,0
uniqueid_9036 x Tanzania,0
uniqueid_9037 x Tanzania,0
uniqueid_9038 x Tanzania,0
uniqueid_9039 x Tanzania,0
uniqueid_9040 x Tanzania,0
uniqueid_9041 x Tanzania,0
uniqueid_9042 x Tanzania,0
uniqueid_9043 x Tanzania,0
uniqueid_9044 x Tanzania,0
uniqueid_9045 x Tanzania,0
uniqueid_9046 x Tanzania,0
uniqueid_9047 x Tanzania,0
uniqueid_9048 x Tanzania,0
uniqueid_9049 x Tanzania,0
uniqueid_9050 x Tanzania,0
uniqueid_9051 x Tanzania,0
uniqueid_9052 x Tanzania,0
uniqueid_9053 x Tanzania,0
uniqueid_9054 x Tanzania,0
uniqueid_9055 x Tanzania,0
uniqueid_9056 x Tanzania,0
uniqueid_9057 x Tanzania,0
uniqueid_9058 x Tanzania,0
uniqueid_9059 x Tanzania,0
uniqueid_9060 x Tanzania,0
uniqueid_9061 x Tanzania,0
uniqueid_9062 x Tanzania,0
uniqueid_9063 x Tanzania,0
uniqueid_9064 x Tanzania,0
uniqueid_9065 x Tanzania,0
uniqueid_9066 x Tanzania,0
uniqueid_9067 x Tanzania,0
uniqueid_9068 x Tanzania,0
uniqueid_9069 x Tanzania,0
uniqueid_9070 x Tanzania,0
uniqueid_9071 x Tanzania,0
uniqueid_9072 x Tanzania,0
uniqueid_9073 x Tanzania,0
uniqueid_9074 x Tanzania,0
uniqueid_9075 x Tanzania,0
uniqueid_9076 x Tanzania,0
uniqueid_9077 x Tanzania,0
uniqueid_9078 x Tanzania,0
uniqueid_9079 x Tanzania,0
uniqueid_9080 x Tanzania,0
uniqueid_9081 x Tanzania,0
uniqueid_9082 x Tanzania,0
uniqueid_9083 x Tanzania,0
uniqueid_9084 x Tanzania,0
uniqueid_9085 x Tanzania,0
uniqueid_9086 x Tanzania,0
uniqueid_9087 x Tanzania,0
uniqueid_9088 x Tanzania,0
uniqueid_9089 x Tanzania,0
uniqueid_9090 x Tanzania,0
uniqueid_9091 x Tanzania,0
uniqueid_9092 x Tanzania,0
uniqueid_9093 x Tanzania,0
uniqueid_9094 x Tanzania,0
uniqueid_9095 x Tanzania,0
uniqueid_9096 x Tanzania,0
uniqueid_9097 x Tanzania,0
uniqueid_9098 x Tanzania,0
uniqueid_9099 x Tanzania,0
uniqueid_9100 x Tanzania,0
uniqueid_9101 x Tanzania,0
uniqueid_9102 x Tanzania,0
uniqueid_9103 x Tanzania,0
uniqueid_9104 x Tanzania,0
uniqueid_9105 x Tanzania,0
uniqueid_9106 x Tanzania,0
uniqueid_9107 x Tanzania,0
uniqueid_9108 x Tanzania,0
uniqueid_9109 x Tanzania,0
uniqueid_9110 x Tanzania,0
uniqueid_9111 x Tanzania,0
uniqueid_9112 x Tanzania,0
uniqueid_9113 x Tanzania,0
uniqueid_9114 x Tanzania,0
uniqueid_9115 x Tanzania,0
uniqueid_9116 x Tanzania,0
uniqueid_9117 x Tanzania,0
uniqueid_9118 x Tanzania,0
uniqueid_9119 x Tanzania,0
uniqueid_9120 x Tanzania,0
uniqueid_9121 x Tanzania,0
uniqueid_9122 x Tanzania,0
uniqueid_9123 x Tanzania,0
uniqueid_9124 x Tanzania,0
uniqueid_9125 x Tanzania,0
uniqueid_9126 x Tanzania,0
uniqueid_9127 x Tanzania,0
uniqueid_9128 x Tanzania,0
uniqueid_9129 x Tanzania,0
uniqueid_9130 x Tanzania,0
uniqueid_9131 x Tanzania,0
uniqueid_9132 x Tanzania,0
uniqueid_9133 x Tanzania,0
uniqueid_9134 x Tanzania,0
uniqueid_9135 x Tanzania,0
uniqueid_9136 x Tanzania,0
uniqueid_9137 x Tanzania,0
uniqueid_9138 x Tanzania,0
uniqueid_9139 x Tanzania,0
uniqueid_9140 x Tanzania,0
uniqueid_9141 x Tanzania,0
uniqueid_9142 x Tanzania,0
uniqueid_9143 x Tanzania,0
uniqueid_9144 x Tanzania,0
uniqueid_9145 x Tanzania,1
uniqueid_9146 x Tanzania,0
uniqueid_9147 x Tanzania,0
uniqueid_9148 x Tanzania,0
uniqueid_9149 x Tanzania,0
uniqueid_9150 x Tanzania,0
uniqueid_9151 x Tanzania,0
uniqueid_9152 x Tanzania,0
uniqueid_9153 x Tanzania,0
uniqueid_9154 x Tanzania,1
uniqueid_9155 x Tanzania,0
uniqueid_9156 x Tanzania,0
uniqueid_9157 x Tanzania,0
uniqueid_9158 x Tanzania,0
uniqueid_9159 x Tanzania,0
uniqueid_9160 x Tanzania,0
uniqueid_9161 x Tanzania,1
uniqueid_9162 x Tanzania,0
uniqueid_9163 x Tanzania,0
uniqueid_9164 x Tanzania,0
uniqueid_9165 x Tanzania,1
uniqueid_9166 x Tanzania,0
uniqueid_9167 x Tanzania,0
uniqueid_9168 x Tanzania,0
uniqueid_9169 x Tanzania,0
uniqueid_9170 x Tanzania,0
uniqueid_9171 x Tanzania,0
uniqueid_9172 x Tanzania,0
uniqueid_9173 x Tanzania,0
uniqueid_9174 x Tanzania,0
uniqueid_9175 x Tanzania,0
uniqueid_9176 x Tanzania,0
uniqueid_9177 x Tanzania,0
uniqueid_9178 x Tanzania,0
uniqueid_9179 x Tanzania,0
uniqueid_9180 x Tanzania,0
uniqueid_9181 x Tanzania,0
uniqueid_9182 x Tanzania,0
uniqueid_9183 x Tanzania,0
uniqueid_9184 x Tanzania,0
uniqueid_9185 x Tanzania,0
uniqueid_9186 x Tanzania,0
uniqueid_9187 x Tanzania,0
uniqueid_9188 x Tanzania,0
uniqueid_9189 x Tanzania,0
uniqueid_9190 x Tanzania,0
uniqueid_9191 x Tanzania,0
uniqueid_9192 x Tanzania,0
uniqueid_9193 x Tanzania,0
uniqueid_9194 x Tanzania,0
uniqueid_9195 x Tanzania,0
uniqueid_9196 x Tanzania,0
uniqueid_9197 x Tanzania,0
uniqueid_9198 x Tanzania,0
uniqueid_9199 x Tanzania,0
uniqueid_9200 x Tanzania,0
uniqueid_9201 x Tanzania,0
uniqueid_9202 x Tanzania,0
uniqueid_9203 x Tanzania,0
uniqueid_9204 x Tanzania,0
uniqueid_9205 x Tanzania,0
uniqueid_9206 x Tanzania,0
uniqueid_9207 x Tanzania,0
uniqueid_9208 x Tanzania,0
uniqueid_9209 x Tanzania,0
uniqueid_9210 x Tanzania,0
uniqueid_9211 x Tanzania,0
uniqueid_9212 x Tanzania,0
uniqueid_9213 x Tanzania,0
uniqueid_9214 x Tanzania,0
uniqueid_9215 x Tanzania,0
uniqueid_9216 x Tanzania,0
uniqueid_9217 x Tanzania,0
uniqueid_9218 x Tanzania,0
uniqueid_9219 x Tanzania,1
uniqueid_9220 x Tanzania,0
uniqueid_9221 x Tanzania,0
uniqueid_9222 x Tanzania,0
uniqueid_9223 x Tanzania,0
uniqueid_9224 x Tanzania,0
uniqueid_9225 x Tanzania,0
uniqueid_9226 x Tanzania,0
uniqueid_9227 x Tanzania,0
uniqueid_9228 x Tanzania,0
uniqueid_9229 x Tanzania,0
uniqueid_9230 x Tanzania,0
uniqueid_9231 x Tanzania,0
uniqueid_9232 x Tanzania,0
uniqueid_9233 x Tanzania,0
uniqueid_9234 x Tanzania,0
uniqueid_9235 x Tanzania,0
uniqueid_9236 x Tanzania,0
uniqueid_9237 x Tanzania,0
uniqueid_9238 x Tanzania,0
uniqueid_9239 x Tanzania,0
uniqueid_9240 x Tanzania,0
uniqueid_9241 x Tanzania,0
uniqueid_9242 x Tanzania,0
uniqueid_9243 x Tanzania,0
uniqueid_9244 x Tanzania,0
uniqueid_9245 x Tanzania,0
uniqueid_9246 x Tanzania,0
uniqueid_9247 x Tanzania,0
uniqueid_9248 x Tanzania,0
uniqueid_9249 x Tanzania,0
uniqueid_9250 x Tanzania,0
uniqueid_9251 x Tanzania,0
uniqueid_9252 x Tanzania,0
uniqueid_9253 x Tanzania,0
uniqueid_9254 x Tanzania,0
uniqueid_9255 x Tanzania,0
uniqueid_9256 x Tanzania,0
uniqueid_9257 x Tanzania,0
uniqueid_9258 x Tanzania,0
uniqueid_9259 x Tanzania,0
uniqueid_9260 x Tanzania,0
uniqueid_9261 x Tanzania,0
uniqueid_9262 x Tanzania,0
uniqueid_9263 x Tanzania,0
uniqueid_9264 x Tanzania,0
uniqueid_9265 x Tanzania,0
uniqueid_9266 x Tanzania,0
uniqueid_9267 x Tanzania,0
uniqueid_9268 x Tanzania,0
uniqueid_9269 x Tanzania,0
uniqueid_9270 x Tanzania,0
uniqueid_9271 x Tanzania,0
uniqueid_9272 x Tanzania,0
uniqueid_9273 x Tanzania,0
uniqueid_9274 x Tanzania,0
uniqueid_9275 x Tanzania,0
uniqueid_9276 x Tanzania,0
uniqueid_9277 x Tanzania,0
uniqueid_9278 x Tanzania,0
uniqueid_9279 x Tanzania,0
uniqueid_9280 x Tanzania,0
uniqueid_9281 x Tanzania,0
uniqueid_9282 x Tanzania,0
uniqueid_9283 x Tanzania,0
uniqueid_9284 x Tanzania,0
uniqueid_9285 x Tanzania,0
uniqueid_9286 x Tanzania,0
uniqueid_9287 x Tanzania,0
uniqueid_9288 x Tanzania,0
uniqueid_9289 x Tanzania,0
uniqueid_9290 x Tanzania,0
uniqueid_9291 x Tanzania,0
uniqueid_9292 x Tanzania,0
uniqueid_9293 x Tanzania,0
uniqueid_9294 x Tanzania,0
uniqueid_9295 x Tanzania,0
uniqueid_9296 x Tanzania,0
uniqueid_9297 x Tanzania,0
uniqueid_9298 x Tanzania,0
uniqueid_9299 x Tanzania,0
uniqueid_9300 x Tanzania,0
uniqueid_9301 x Tanzania,0
uniqueid_9302 x Tanzania,0
uniqueid_9303 x Tanzania,0
uniqueid_9304 x Tanzania,0
uniqueid_9305 x Tanzania,1
uniqueid_9306 x Tanzania,0
uniqueid_9307 x Tanzania,0
uniqueid_9308 x Tanzania,0
uniqueid_9309 x Tanzania,0
uniqueid_9310 x Tanzania,0
uniqueid_9311 x Tanzania,0
uniqueid_9312 x Tanzania,0
uniqueid_9313 x Tanzania,0
uniqueid_9314 x Tanzania,0
uniqueid_9315 x Tanzania,0
uniqueid_9316 x Tanzania,0
uniqueid_9317 x Tanzania,0
uniqueid_9318 x Tanzania,0
uniqueid_9319 x Tanzania,0
uniqueid_9320 x Tanzania,0
uniqueid_9321 x Tanzania,0
uniqueid_9322 x Tanzania,0
uniqueid_9323 x Tanzania,0
uniqueid_9324 x Tanzania,0
uniqueid_9325 x Tanzania,0
uniqueid_9326 x Tanzania,0
uniqueid_9327 x Tanzania,0
uniqueid_9328 x Tanzania,0
uniqueid_9329 x Tanzania,0
uniqueid_9330 x Tanzania,0
uniqueid_9331 x Tanzania,0
uniqueid_9332 x Tanzania,0
uniqueid_9333 x Tanzania,1
uniqueid_9334 x Tanzania,0
uniqueid_9335 x Tanzania,0
uniqueid_9336 x Tanzania,0
uniqueid_9337 x Tanzania,0
uniqueid_9338 x Tanzania,0
uniqueid_9339 x Tanzania,0
uniqueid_9340 x Tanzania,0
uniqueid_9341 x Tanzania,0
uniqueid_9342 x Tanzania,0
uniqueid_9343 x Tanzania,0
uniqueid_9344 x Tanzania,0
uniqueid_9345 x Tanzania,0
uniqueid_9346 x Tanzania,0
uniqueid_9347 x Tanzania,0
uniqueid_9348 x Tanzania,0
uniqueid_9349 x Tanzania,0
uniqueid_9350 x Tanzania,0
uniqueid_9351 x Tanzania,0
uniqueid_9352 x Tanzania,0
uniqueid_9353 x Tanzania,0
uniqueid_9354 x Tanzania,0
uniqueid_9355 x Tanzania,0
uniqueid_9356 x Tanzania,0
uniqueid_9357 x Tanzania,0
uniqueid_9358 x Tanzania,0
uniqueid_9359 x Tanzania,0
uniqueid_9360 x Tanzania,0
uniqueid_9361 x Tanzania,1
uniqueid_9362 x Tanzania,0
uniqueid_9363 x Tanzania,0
uniqueid_9364 x Tanzania,0
uniqueid_9365 x Tanzania,0
uniqueid_9366 x Tanzania,0
uniqueid_9367 x Tanzania,0
uniqueid_9368 x Tanzania,0
uniqueid_9369 x Tanzania,0
uniqueid_9370 x Tanzania,0
uniqueid_9371 x Tanzania,0
uniqueid_9372 x Tanzania,0
uniqueid_9373 x Tanzania,0
uniqueid_9374 x Tanzania,0
uniqueid_9375 x Tanzania,0
uniqueid_9376 x Tanzania,0
uniqueid_9377 x Tanzania,0
uniqueid_9378 x Tanzania,0
uniqueid_9379 x Tanzania,0
uniqueid_9380 x Tanzania,0
uniqueid_9381 x Tanzania,0
uniqueid_9382 x Tanzania,0
uniqueid_9383 x Tanzania,0
uniqueid_9384 x Tanzania,0
uniqueid_9385 x Tanzania,0
uniqueid_9386 x Tanzania,0
uniqueid_9387 x Tanzania,0
uniqueid_9388 x Tanzania,0
uniqueid_9389 x Tanzania,0
uniqueid_9390 x Tanzania,0
uniqueid_9391 x Tanzania,0
uniqueid_9392 x Tanzania,0
uniqueid_9393 x Tanzania,0
uniqueid_9394 x Tanzania,0
uniqueid_9395 x Tanzania,0
uniqueid_9396 x Tanzania,0
uniqueid_9397 x Tanzania,0
uniqueid_9398 x Tanzania,0
uniqueid_9399 x Tanzania,0
uniqueid_9400 x Tanzania,0
uniqueid_9401 x Tanzania,0
uniqueid_9402 x Tanzania,0
uniqueid_9403 x Tanzania,0
uniqueid_9404 x Tanzania,0
uniqueid_9405 x Tanzania,0
uniqueid_9406 x Tanzania,0
uniqueid_9407 x Tanzania,0
uniqueid_9408 x Tanzania,0
uniqueid_9409 x Tanzania,0
uniqueid_9410 x Tanzania,0
uniqueid_9411 x Tanzania,0
uniqueid_9412 x Tanzania,0
uniqueid_9413 x Tanzania,0
uniqueid_9414 x Tanzania,0
uniqueid_9415 x Tanzania,0
uniqueid_9416 x Tanzania,0
uniqueid_9417 x Tanzania,0
uniqueid_9418 x Tanzania,0
uniqueid_9419 x Tanzania,0
uniqueid_9420 x Tanzania,0
uniqueid_9421 x Tanzania,0
uniqueid_9422 x Tanzania,0
uniqueid_9423 x Tanzania,0
uniqueid_9424 x Tanzania,0
uniqueid_9425 x Tanzania,0
uniqueid_9426 x Tanzania,0
uniqueid_9427 x Tanzania,0
uniqueid_9428 x Tanzania,0
uniqueid_9429 x Tanzania,0
uniqueid_9430 x Tanzania,0
uniqueid_9431 x Tanzania,0
uniqueid_9432 x Tanzania,0
uniqueid_9433 x Tanzania,0
uniqueid_9434 x Tanzania,0
uniqueid_9435 x Tanzania,0
uniqueid_9436 x Tanzania,0
uniqueid_9437 x Tanzania,0
uniqueid_9438 x Tanzania,0
uniqueid_9439 x Tanzania,0
uniqueid_9440 x Tanzania,0
uniqueid_9441 x Tanzania,0
uniqueid_9442 x Tanzania,0
uniqueid_9443 x Tanzania,0
uniqueid_9444 x Tanzania,0
uniqueid_9445 x Tanzania,0
uniqueid_9446 x Tanzania,0
uniqueid_9447 x Tanzania,0
uniqueid_9448 x Tanzania,0
uniqueid_9449 x Tanzania,0
uniqueid_9450 x Tanzania,0
uniqueid_9451 x Tanzania,0
uniqueid_9452 x Tanzania,0
uniqueid_9453 x Tanzania,0
uniqueid_9454 x Tanzania,0
uniqueid_9455 x Tanzania,0
uniqueid_9456 x Tanzania,0
uniqueid_9457 x Tanzania,0
uniqueid_9458 x Tanzania,0
uniqueid_9459 x Tanzania,0
uniqueid_1942 x Uganda,0
uniqueid_1948 x Uganda,0
uniqueid_1958 x Uganda,0
uniqueid_2019 x Uganda,0
uniqueid_2025 x Uganda,0
uniqueid_2035 x Uganda,0
uniqueid_2045 x Uganda,0
uniqueid_2060 x Uganda,0
uniqueid_2068 x Uganda,1
uniqueid_2069 x Uganda,0
uniqueid_2092 x Uganda,0
uniqueid_2094 x Uganda,1
uniqueid_2104 x Uganda,1
uniqueid_2105 x Uganda,0
uniqueid_2106 x Uganda,0
uniqueid_2112 x Uganda,0
uniqueid_2118 x Uganda,0
uniqueid_2119 x Uganda,0
uniqueid_2120 x Uganda,0
uniqueid_2121 x Uganda,0
uniqueid_2122 x Uganda,0
uniqueid_2123 x Uganda,0
uniqueid_2124 x Uganda,0
uniqueid_2125 x Uganda,0
uniqueid_2126 x Uganda,0
uniqueid_2127 x Uganda,0
uniqueid_2128 x Uganda,0
uniqueid_2129 x Uganda,0
uniqueid_2130 x Uganda,0
uniqueid_2131 x Uganda,0
uniqueid_2132 x Uganda,0
uniqueid_2133 x Uganda,0
uniqueid_2134 x Uganda,0
uniqueid_2135 x Uganda,0
uniqueid_2136 x Uganda,0
uniqueid_2137 x Uganda,0
uniqueid_2138 x Uganda,0
uniqueid_2139 x Uganda,0
uniqueid_2140 x Uganda,0
uniqueid_2141 x Uganda,0
uniqueid_2142 x Uganda,0
uniqueid_2143 x Uganda,0
uniqueid_2144 x Uganda,0
uniqueid_2145 x Uganda,0
uniqueid_2146 x Uganda,0
uniqueid_2147 x Uganda,0
uniqueid_2148 x Uganda,0
uniqueid_2149 x Uganda,0
uniqueid_2150 x Uganda,0
uniqueid_2151 x Uganda,0
uniqueid_2152 x Uganda,0
uniqueid_2153 x Uganda,0
uniqueid_2154 x Uganda,0
uniqueid_2155 x Uganda,1
uniqueid_2156 x Uganda,0
uniqueid_2157 x Uganda,0
uniqueid_2158 x Uganda,1
uniqueid_2159 x Uganda,0
uniqueid_2160 x Uganda,0
uniqueid_2161 x Uganda,0
uniqueid_2162 x Uganda,0
uniqueid_2163 x Uganda,0
uniqueid_2164 x Uganda,0
uniqueid_2165 x Uganda,0
uniqueid_2166 x Uganda,0
uniqueid_2167 x Uganda,0
uniqueid_2168 x Uganda,0
uniqueid_2169 x Uganda,0
uniqueid_2170 x Uganda,0
uniqueid_2171 x Uganda,0
uniqueid_2172 x Uganda,0
uniqueid_2173 x Uganda,0
uniqueid_2174 x Uganda,0
uniqueid_2175 x Uganda,0
uniqueid_2176 x Uganda,0
uniqueid_2177 x Uganda,0
uniqueid_2178 x Uganda,0
uniqueid_2179 x Uganda,0
uniqueid_2180 x Uganda,0
uniqueid_2181 x Uganda,0
uniqueid_2182 x Uganda,0
uniqueid_2183 x Uganda,0
uniqueid_2184 x Uganda,0
uniqueid_2185 x Uganda,0
uniqueid_2186 x Uganda,0
uniqueid_2187 x Uganda,0
uniqueid_2188 x Uganda,0
uniqueid_2189 x Uganda,1
uniqueid_2190 x Uganda,0
uniqueid_2191 x Uganda,0
uniqueid_2192 x Uganda,0
uniqueid_2193 x Uganda,0
uniqueid_2194 x Uganda,0
uniqueid_2195 x Uganda,0
uniqueid_2196 x Uganda,0
uniqueid_2197 x Uganda,0
uniqueid_2198 x Uganda,0
uniqueid_2199 x Uganda,0
uniqueid_2200 x Uganda,0
uniqueid_2201 x Uganda,0
uniqueid_2202 x Uganda,0
uniqueid_2203 x Uganda,0
uniqueid_2204 x Uganda,0
uniqueid_2205 x Uganda,0
uniqueid_2206 x Uganda,0
uniqueid_2207 x Uganda,0
uniqueid_2208 x Uganda,0
uniqueid_2209 x Uganda,0
uniqueid_2210 x Uganda,0
uniqueid_2211 x Uganda,0
uniqueid_2212 x Uganda,0
uniqueid_2213 x Uganda,0
uniqueid_2214 x Uganda,0
uniqueid_2215 x Uganda,0
uniqueid_2216 x Uganda,0
uniqueid_2217 x Uganda,0
uniqueid_2218 x Uganda,0
uniqueid_2219 x Uganda,0
uniqueid_2220 x Uganda,0
uniqueid_2221 x Uganda,0
uniqueid_2222 x Uganda,0
uniqueid_2223 x Uganda,0
uniqueid_2224 x Uganda,0
uniqueid_2225 x Uganda,0
uniqueid_2226 x Uganda,0
uniqueid_2227 x Uganda,0
uniqueid_2228 x Uganda,0
uniqueid_2229 x Uganda,0
uniqueid_2230 x Uganda,0
uniqueid_2231 x Uganda,0
uniqueid_2232 x Uganda,0
uniqueid_2233 x Uganda,0
uniqueid_2234 x Uganda,0
uniqueid_2235 x Uganda,0
uniqueid_2236 x Uganda,0
uniqueid_2237 x Uganda,0
uniqueid_2238 x Uganda,0
uniqueid_2239 x Uganda,0
uniqueid_2240 x Uganda,0
uniqueid_2241 x Uganda,0
uniqueid_2242 x Uganda,0
uniqueid_2243 x Uganda,0
uniqueid_2244 x Uganda,0
uniqueid_2245 x Uganda,0
uniqueid_2246 x Uganda,0
uniqueid_2247 x Uganda,0
uniqueid_2248 x Uganda,0
uniqueid_2249 x Uganda,0
uniqueid_2250 x Uganda,0
uniqueid_2251 x Uganda,0
uniqueid_2252 x Uganda,0
uniqueid_2253 x Uganda,0
uniqueid_2254 x Uganda,0
uniqueid_2255 x Uganda,0
uniqueid_2256 x Uganda,0
uniqueid_2257 x Uganda,0
uniqueid_2258 x Uganda,0
uniqueid_2259 x Uganda,0
uniqueid_2260 x Uganda,0
uniqueid_2261 x Uganda,0
uniqueid_2262 x Uganda,0
uniqueid_2263 x Uganda,0
uniqueid_2264 x Uganda,0
uniqueid_2265 x Uganda,0
uniqueid_2266 x Uganda,0
uniqueid_2267 x Uganda,0
uniqueid_2268 x Uganda,0
uniqueid_2269 x Uganda,0
uniqueid_2270 x Uganda,0
uniqueid_2271 x Uganda,0
uniqueid_2272 x Uganda,0
uniqueid_2273 x Uganda,0
uniqueid_2274 x Uganda,0
uniqueid_2275 x Uganda,0
uniqueid_2276 x Uganda,0
uniqueid_2277 x Uganda,0
uniqueid_2278 x Uganda,0
uniqueid_2279 x Uganda,0
uniqueid_2280 x Uganda,1
uniqueid_2281 x Uganda,0
uniqueid_2282 x Uganda,0
uniqueid_2283 x Uganda,0
uniqueid_2284 x Uganda,0
uniqueid_2285 x Uganda,1
uniqueid_2286 x Uganda,0
uniqueid_2287 x Uganda,0
uniqueid_2288 x Uganda,0
uniqueid_2289 x Uganda,0
uniqueid_2290 x Uganda,0
uniqueid_2291 x Uganda,0
uniqueid_2292 x Uganda,0
uniqueid_2293 x Uganda,0
uniqueid_2294 x Uganda,0
uniqueid_2295 x Uganda,0
uniqueid_2296 x Uganda,0
uniqueid_2297 x Uganda,0
uniqueid_2298 x Uganda,0
uniqueid_2299 x Uganda,0
uniqueid_2300 x Uganda,0
uniqueid_2301 x Uganda,0
uniqueid_2302 x Uganda,0
uniqueid_2303 x Uganda,0
uniqueid_2304 x Uganda,0
uniqueid_2305 x Uganda,0
uniqueid_2306 x Uganda,0
uniqueid_2307 x Uganda,0
uniqueid_2308 x Uganda,0
uniqueid_2309 x Uganda,1
uniqueid_2310 x Uganda,0
uniqueid_2311 x Uganda,0
uniqueid_2312 x Uganda,0
uniqueid_2313 x Uganda,0
uniqueid_2314 x Uganda,0
uniqueid_2315 x Uganda,0
uniqueid_2316 x Uganda,0
uniqueid_2317 x Uganda,0
uniqueid_2318 x Uganda,0
uniqueid_2319 x Uganda,0
uniqueid_2320 x Uganda,0
uniqueid_2321 x Uganda,0
uniqueid_2322 x Uganda,0
uniqueid_2323 x Uganda,0
uniqueid_2324 x Uganda,0
uniqueid_2325 x Uganda,0
uniqueid_2326 x Uganda,0
uniqueid_2327 x Uganda,0
uniqueid_2328 x Uganda,0
uniqueid_2329 x Uganda,0
uniqueid_2330 x Uganda,0
uniqueid_2331 x Uganda,0
uniqueid_2332 x Uganda,0
uniqueid_2333 x Uganda,0
uniqueid_2334 x Uganda,0
uniqueid_2335 x Uganda,0
uniqueid_2336 x Uganda,0
uniqueid_2337 x Uganda,0
uniqueid_2338 x Uganda,0
uniqueid_2339 x Uganda,0
uniqueid_2340 x Uganda,0
uniqueid_2341 x Uganda,0
uniqueid_2342 x Uganda,0
uniqueid_2343 x Uganda,0
uniqueid_2344 x Uganda,0
uniqueid_2345 x Uganda,0
uniqueid_2346 x Uganda,0
uniqueid_2347 x Uganda,0
uniqueid_2348 x Uganda,0
uniqueid_2349 x Uganda,0
uniqueid_2350 x Uganda,0
uniqueid_2351 x Uganda,0
uniqueid_2352 x Uganda,0
uniqueid_2353 x Uganda,0
uniqueid_2354 x Uganda,0
uniqueid_2355 x Uganda,0
uniqueid_2356 x Uganda,0
uniqueid_2357 x Uganda,0
uniqueid_2358 x Uganda,0
uniqueid_2359 x Uganda,0
uniqueid_2360 x Uganda,0
uniqueid_2361 x Uganda,0
uniqueid_2362 x Uganda,0
uniqueid_2363 x Uganda,0
uniqueid_2364 x Uganda,0
uniqueid_2365 x Uganda,0
uniqueid_2366 x Uganda,0
uniqueid_2367 x Uganda,0
uniqueid_2368 x Uganda,0
uniqueid_2369 x Uganda,0
uniqueid_2370 x Uganda,0
uniqueid_2371 x Uganda,0
uniqueid_2372 x Uganda,0
uniqueid_2373 x Uganda,0
uniqueid_2374 x Uganda,0
uniqueid_2375 x Uganda,0
uniqueid_2376 x Uganda,0
uniqueid_2377 x Uganda,0
uniqueid_2378 x Uganda,0
uniqueid_2379 x Uganda,0
uniqueid_2380 x Uganda,0
uniqueid_2381 x Uganda,0
uniqueid_2382 x Uganda,0
uniqueid_2383 x Uganda,0
uniqueid_2384 x Uganda,0
uniqueid_2385 x Uganda,0
uniqueid_2386 x Uganda,0
uniqueid_2387 x Uganda,0
uniqueid_2388 x Uganda,0
uniqueid_2389 x Uganda,0
uniqueid_2390 x Uganda,0
uniqueid_2391 x Uganda,0
uniqueid_2392 x Uganda,0
uniqueid_2393 x Uganda,0
uniqueid_2394 x Uganda,0
uniqueid_2395 x Uganda,0
uniqueid_2396 x Uganda,0
uniqueid_2397 x Uganda,0
uniqueid_2398 x Uganda,1
uniqueid_2399 x Uganda,0
uniqueid_2400 x Uganda,0
uniqueid_2401 x Uganda,0
uniqueid_2402 x Uganda,0
uniqueid_2403 x Uganda,0
uniqueid_2404 x Uganda,0
uniqueid_2405 x Uganda,0
uniqueid_2406 x Uganda,0
uniqueid_2407 x Uganda,0
uniqueid_2408 x Uganda,0
uniqueid_2409 x Uganda,0
uniqueid_2410 x Uganda,0
uniqueid_2411 x Uganda,0
uniqueid_2412 x Uganda,0
uniqueid_2413 x Uganda,0
uniqueid_2414 x Uganda,0
uniqueid_2415 x Uganda,0
uniqueid_2416 x Uganda,0
uniqueid_2417 x Uganda,0
uniqueid_2418 x Uganda,0
uniqueid_2419 x Uganda,0
uniqueid_2420 x Uganda,0
uniqueid_2421 x Uganda,0
uniqueid_2422 x Uganda,1
uniqueid_2423 x Uganda,0
uniqueid_2424 x Uganda,0
uniqueid_2425 x Uganda,0
uniqueid_2426 x Uganda,0
uniqueid_2427 x Uganda,0
uniqueid_2428 x Uganda,0
uniqueid_2429 x Uganda,0
uniqueid_2430 x Uganda,0
uniqueid_2431 x Uganda,0
uniqueid_2432 x Uganda,0
uniqueid_2433 x Uganda,0
uniqueid_2434 x Uganda,0
uniqueid_2435 x Uganda,0
uniqueid_2436 x Uganda,0
uniqueid_2437 x Uganda,0
uniqueid_2438 x Uganda,0
uniqueid_2439 x Uganda,0
uniqueid_2440 x Uganda,0
uniqueid_2441 x Uganda,0
uniqueid_2442 x Uganda,0
uniqueid_2443 x Uganda,0
uniqueid_2444 x Uganda,0
uniqueid_2445 x Uganda,0
uniqueid_2446 x Uganda,0
uniqueid_2447 x Uganda,0
uniqueid_2448 x Uganda,0
uniqueid_2449 x Uganda,0
uniqueid_2450 x Uganda,0
uniqueid_2451 x Uganda,0
uniqueid_2452 x Uganda,0
uniqueid_2453 x Uganda,0
uniqueid_2454 x Uganda,0
uniqueid_2455 x Uganda,0
uniqueid_2456 x Uganda,0
uniqueid_2457 x Uganda,0
uniqueid_2458 x Uganda,1
uniqueid_2459 x Uganda,0
uniqueid_2460 x Uganda,0
uniqueid_2461 x Uganda,0
uniqueid_2462 x Uganda,0
uniqueid_2463 x Uganda,0
uniqueid_2464 x Uganda,0
uniqueid_2465 x Uganda,0
uniqueid_2466 x Uganda,0
uniqueid_2467 x Uganda,0
uniqueid_2468 x Uganda,0
uniqueid_2469 x Uganda,0
uniqueid_2470 x Uganda,0
uniqueid_2471 x Uganda,0
uniqueid_2472 x Uganda,0
uniqueid_2473 x Uganda,0
uniqueid_2474 x Uganda,0
uniqueid_2475 x Uganda,1
uniqueid_2476 x Uganda,0
uniqueid_2477 x Uganda,0
uniqueid_2478 x Uganda,0
uniqueid_2479 x Uganda,0
uniqueid_2480 x Uganda,1
uniqueid_2481 x Uganda,0
uniqueid_2482 x Uganda,0
uniqueid_2483 x Uganda,0
uniqueid_2484 x Uganda,0
uniqueid_2485 x Uganda,0
uniqueid_2486 x Uganda,0
uniqueid_2487 x Uganda,0
uniqueid_2488 x Uganda,0
uniqueid_2489 x Uganda,0
uniqueid_2490 x Uganda,0
uniqueid_2491 x Uganda,0
uniqueid_2492 x Uganda,0
uniqueid_2493 x Uganda,0
uniqueid_2494 x Uganda,0
uniqueid_2495 x Uganda,0
uniqueid_2496 x Uganda,0
uniqueid_2497 x Uganda,0
uniqueid_2498 x Uganda,0
uniqueid_2499 x Uganda,0
uniqueid_2500 x Uganda,0
uniqueid_2501 x Uganda,0
uniqueid_2502 x Uganda,0
uniqueid_2503 x Uganda,0
uniqueid_2504 x Uganda,0
uniqueid_2505 x Uganda,0
uniqueid_2506 x Uganda,0
uniqueid_2507 x Uganda,0
uniqueid_2508 x Uganda,0
uniqueid_2509 x Uganda,0
uniqueid_2510 x Uganda,0
uniqueid_2511 x Uganda,0
uniqueid_2512 x Uganda,0
uniqueid_2513 x Uganda,0
uniqueid_2514 x Uganda,0
uniqueid_2515 x Uganda,0
uniqueid_2516 x Uganda,0
uniqueid_2517 x Uganda,0
uniqueid_2518 x Uganda,0
uniqueid_2519 x Uganda,0
uniqueid_2520 x Uganda,0
uniqueid_2521 x Uganda,0
uniqueid_2522 x Uganda,0
uniqueid_2523 x Uganda,0
uniqueid_2524 x Uganda,0
uniqueid_2525 x Uganda,0
uniqueid_2526 x Uganda,0
uniqueid_2527 x Uganda,0
uniqueid_2528 x Uganda,0
uniqueid_2529 x Uganda,0
uniqueid_2530 x Uganda,0
uniqueid_2531 x Uganda,0
uniqueid_2532 x Uganda,0
uniqueid_2533 x Uganda,0
uniqueid_2534 x Uganda,0
uniqueid_2535 x Uganda,0
uniqueid_2536 x Uganda,0
uniqueid_2537 x Uganda,0
uniqueid_2538 x Uganda,0
uniqueid_2539 x Uganda,0
uniqueid_2540 x Uganda,0
uniqueid_2541 x Uganda,0
uniqueid_2542 x Uganda,0
uniqueid_2543 x Uganda,0
uniqueid_2544 x Uganda,0
uniqueid_2545 x Uganda,0
uniqueid_2546 x Uganda,0
uniqueid_2547 x Uganda,0
uniqueid_2548 x Uganda,0
uniqueid_2549 x Uganda,0
uniqueid_2550 x Uganda,0
uniqueid_2551 x Uganda,0
uniqueid_2552 x Uganda,0
uniqueid_2553 x Uganda,0
uniqueid_2554 x Uganda,0
uniqueid_2555 x Uganda,0
uniqueid_2556 x Uganda,0
uniqueid_2557 x Uganda,0
uniqueid_2558 x Uganda,0
uniqueid_2559 x Uganda,0
uniqueid_2560 x Uganda,0
uniqueid_2561 x Uganda,0
uniqueid_2562 x Uganda,0
uniqueid_2563 x Uganda,0
uniqueid_2564 x Uganda,0
uniqueid_2565 x Uganda,0
uniqueid_2566 x Uganda,0
uniqueid_2567 x Uganda,0
uniqueid_2568 x Uganda,0
uniqueid_2569 x Uganda,0
uniqueid_2570 x Uganda,0
uniqueid_2571 x Uganda,0
uniqueid_2572 x Uganda,0
uniqueid_2573 x Uganda,0
uniqueid_2574 x Uganda,0
uniqueid_2575 x Uganda,0
uniqueid_2576 x Uganda,0
uniqueid_2577 x Uganda,0
uniqueid_2578 x Uganda,0
uniqueid_2579 x Uganda,0
uniqueid_2580 x Uganda,0
uniqueid_2581 x Uganda,0
uniqueid_2582 x Uganda,0
uniqueid_2583 x Uganda,0
uniqueid_2584 x Uganda,0
uniqueid_2585 x Uganda,0
uniqueid_2586 x Uganda,0
uniqueid_2587 x Uganda,0
uniqueid_2588 x Uganda,0
uniqueid_2589 x Uganda,0
uniqueid_2590 x Uganda,0
uniqueid_2591 x Uganda,0
uniqueid_2592 x Uganda,0
uniqueid_2593 x Uganda,1
uniqueid_2594 x Uganda,0
uniqueid_2595 x Uganda,0
uniqueid_2596 x Uganda,0
uniqueid_2597 x Uganda,0
uniqueid_2598 x Uganda,0
uniqueid_2599 x Uganda,0
uniqueid_2600 x Uganda,0
uniqueid_2601 x Uganda,0
uniqueid_2602 x Uganda,0
uniqueid_2603 x Uganda,0
uniqueid_2604 x Uganda,0
uniqueid_2605 x Uganda,0
uniqueid_2606 x Uganda,0
uniqueid_2607 x Uganda,0
uniqueid_2608 x Uganda,0
uniqueid_2609 x Uganda,0
uniqueid_2610 x Uganda,0
uniqueid_2611 x Uganda,0
uniqueid_2612 x Uganda,0
uniqueid_2613 x Uganda,0
uniqueid_2614 x Uganda,0
uniqueid_2615 x Uganda,0
uniqueid_2616 x Uganda,0
uniqueid_2617 x Uganda,0
uniqueid_2618 x Uganda,0
uniqueid_2619 x Uganda,0
uniqueid_2620 x Uganda,0
uniqueid_2621 x Uganda,0
uniqueid_2622 x Uganda,0
uniqueid_2623 x Uganda,0
uniqueid_2624 x Uganda,1
uniqueid_2625 x Uganda,0
uniqueid_2626 x Uganda,0
uniqueid_2627 x Uganda,0
uniqueid_2628 x Uganda,0
uniqueid_2629 x Uganda,0
uniqueid_2630 x Uganda,0
uniqueid_2631 x Uganda,0
uniqueid_2632 x Uganda,0
uniqueid_2633 x Uganda,0
uniqueid_2634 x Uganda,1
uniqueid_2635 x Uganda,0
uniqueid_2636 x Uganda,0
uniqueid_2637 x Uganda,0
uniqueid_2638 x Uganda,0
uniqueid_2639 x Uganda,0
uniqueid_2640 x Uganda,0
uniqueid_2641 x Uganda,0
uniqueid_2642 x Uganda,0
uniqueid_2643 x Uganda,0
uniqueid_2644 x Uganda,0
uniqueid_2645 x Uganda,0
uniqueid_2646 x Uganda,0
uniqueid_2647 x Uganda,0
uniqueid_2648 x Uganda,0
uniqueid_2649 x Uganda,0
uniqueid_2650 x Uganda,0
uniqueid_2651 x Uganda,0
uniqueid_2652 x Uganda,0
uniqueid_2653 x Uganda,0
uniqueid_2654 x Uganda,0
uniqueid_2655 x Uganda,0
uniqueid_2656 x Uganda,0
uniqueid_2657 x Uganda,0
uniqueid_2658 x Uganda,0
uniqueid_2659 x Uganda,0
uniqueid_2660 x Uganda,0
uniqueid_2661 x Uganda,0
uniqueid_2662 x Uganda,1
uniqueid_2663 x Uganda,0
uniqueid_2664 x Uganda,0
uniqueid_2665 x Uganda,0
uniqueid_2666 x Uganda,0
uniqueid_2667 x Uganda,0
uniqueid_2668 x Uganda,0
uniqueid_2669 x Uganda,0
uniqueid_2670 x Uganda,0
uniqueid_2671 x Uganda,0
uniqueid_2672 x Uganda,0
uniqueid_2673 x Uganda,0
uniqueid_2674 x Uganda,0
uniqueid_2675 x Uganda,0
uniqueid_2676 x Uganda,0
uniqueid_2677 x Uganda,0
uniqueid_2678 x Uganda,0
uniqueid_2679 x Uganda,0
uniqueid_2680 x Uganda,0
uniqueid_2681 x Uganda,0
uniqueid_2682 x Uganda,0
uniqueid_2683 x Uganda,0
uniqueid_2684 x Uganda,0
uniqueid_2685 x Uganda,0
uniqueid_2686 x Uganda,0
uniqueid_2687 x Uganda,0
uniqueid_2688 x Uganda,0
uniqueid_2689 x Uganda,0
uniqueid_2690 x Uganda,0
uniqueid_2691 x Uganda,0
uniqueid_2692 x Uganda,0
uniqueid_2693 x Uganda,0
uniqueid_2694 x Uganda,0
uniqueid_2695 x Uganda,0
uniqueid_2696 x Uganda,0
uniqueid_2697 x Uganda,0
uniqueid_2698 x Uganda,0
uniqueid_2699 x Uganda,0
uniqueid_2700 x Uganda,0
uniqueid_2701 x Uganda,0
uniqueid_2702 x Uganda,0
uniqueid_2703 x Uganda,0
uniqueid_2704 x Uganda,0
uniqueid_2705 x Uganda,0
uniqueid_2706 x Uganda,0
uniqueid_2707 x Uganda,0
uniqueid_2708 x Uganda,0
uniqueid_2709 x Uganda,0
uniqueid_2710 x Uganda,0
uniqueid_2711 x Uganda,0
uniqueid_2712 x Uganda,0
uniqueid_2713 x Uganda,0
uniqueid_2714 x Uganda,0
uniqueid_2715 x Uganda,0
uniqueid_2716 x Uganda,0
uniqueid_2717 x Uganda,0
uniqueid_2718 x Uganda,0
uniqueid_2719 x Uganda,0
uniqueid_2720 x Uganda,0
uniqueid_2721 x Uganda,0
uniqueid_2722 x Uganda,0
uniqueid_2723 x Uganda,0
uniqueid_2724 x Uganda,0
uniqueid_2725 x Uganda,0
uniqueid_2726 x Uganda,0
uniqueid_2727 x Uganda,0
uniqueid_2728 x Uganda,0
uniqueid_2729 x Uganda,0
uniqueid_2730 x Uganda,0
uniqueid_2731 x Uganda,0
uniqueid_2732 x Uganda,0
uniqueid_2733 x Uganda,0
uniqueid_2734 x Uganda,0
uniqueid_2735 x Uganda,0
uniqueid_2736 x Uganda,0
uniqueid_2737 x Uganda,0
uniqueid_2738 x Uganda,0
uniqueid_2739 x Uganda,0
uniqueid_2740 x Uganda,0
uniqueid_2741 x Uganda,0
uniqueid_2742 x Uganda,0
uniqueid_2743 x Uganda,0
uniqueid_2744 x Uganda,1
uniqueid_2745 x Uganda,0
uniqueid_2746 x Uganda,0
uniqueid_2747 x Uganda,0
uniqueid_2748 x Uganda,0
uniqueid_2749 x Uganda,0
uniqueid_2750 x Uganda,0
uniqueid_2751 x Uganda,0
uniqueid_2752 x Uganda,0
uniqueid_2753 x Uganda,0
uniqueid_2754 x Uganda,0
uniqueid_2755 x Uganda,0
uniqueid_2756 x Uganda,0
uniqueid_2757 x Uganda,0
uniqueid_2758 x Uganda,0
uniqueid_2759 x Uganda,0
uniqueid_2760 x Uganda,0
uniqueid_2761 x Uganda,0
uniqueid_2762 x Uganda,0
uniqueid_2763 x Uganda,0
uniqueid_2764 x Uganda,0
uniqueid_2765 x Uganda,0
uniqueid_2766 x Uganda,0
uniqueid_2767 x Uganda,0
uniqueid_2768 x Uganda,0
uniqueid_2769 x Uganda,0
uniqueid_2770 x Uganda,0
uniqueid_2771 x Uganda,0
uniqueid_2772 x Uganda,0
uniqueid_2773 x Uganda,0
uniqueid_2774 x Uganda,0
uniqueid_2775 x Uganda,0
uniqueid_2776 x Uganda,0
uniqueid_2777 x Uganda,0
uniqueid_2778 x Uganda,0
uniqueid_2779 x Uganda,0
uniqueid_2780 x Uganda,0
uniqueid_2781 x Uganda,0
uniqueid_2782 x Uganda,0
uniqueid_2783 x Uganda,0
uniqueid_2784 x Uganda,0
uniqueid_2785 x Uganda,0
uniqueid_2786 x Uganda,0
uniqueid_2787 x Uganda,0
uniqueid_2788 x Uganda,0
uniqueid_2789 x Uganda,0
uniqueid_2790 x Uganda,0
uniqueid_2791 x Uganda,0
uniqueid_2792 x Uganda,0
uniqueid_2793 x Uganda,0
uniqueid_2794 x Uganda,0
uniqueid_2795 x Uganda,0
uniqueid_2796 x Uganda,0
uniqueid_2797 x Uganda,0
uniqueid_2798 x Uganda,0
uniqueid_2799 x Uganda,0
uniqueid_2800 x Uganda,0
uniqueid_2801 x Uganda,0
uniqueid_2802 x Uganda,0
uniqueid_2803 x Uganda,0
uniqueid_2804 x Uganda,0
uniqueid_2805 x Uganda,0
uniqueid_2806 x Uganda,0
uniqueid_2807 x Uganda,0
uniqueid_2808 x Uganda,0
uniqueid_2809 x Uganda,0
uniqueid_2810 x Uganda,0
uniqueid_2811 x Uganda,0
uniqueid_2812 x Uganda,0
uniqueid_2813 x Uganda,0
uniqueid_2814 x Uganda,0
uniqueid_2815 x Uganda,0
uniqueid_2816 x Uganda,0
uniqueid_2817 x Uganda,0
uniqueid_2818 x Uganda,0
uniqueid_2819 x Uganda,0
uniqueid_2820 x Uganda,0
uniqueid_2821 x Uganda,0
uniqueid_2822 x Uganda,0
uniqueid_2823 x Uganda,0
uniqueid_2824 x Uganda,0
uniqueid_2825 x Uganda,0
uniqueid_2826 x Uganda,0
uniqueid_2827 x Uganda,0
uniqueid_2828 x Uganda,0
uniqueid_2829 x Uganda,0
uniqueid_2830 x Uganda,0
uniqueid_2831 x Uganda,0
uniqueid_2832 x Uganda,0
uniqueid_2833 x Uganda,0
uniqueid_2834 x Uganda,0
uniqueid_2835 x Uganda,0
uniqueid_2836 x Uganda,0
uniqueid_2837 x Uganda,0
uniqueid_2838 x Uganda,0
uniqueid_2839 x Uganda,0
uniqueid_2840 x Uganda,0
uniqueid_2841 x Uganda,0
uniqueid_2842 x Uganda,0
uniqueid_2843 x Uganda,0
uniqueid_2844 x Uganda,0
uniqueid_2845 x Uganda,0
uniqueid_2846 x Uganda,0
uniqueid_2847 x Uganda,0
uniqueid_2848 x Uganda,0
uniqueid_2849 x Uganda,0
uniqueid_2850 x Uganda,0
uniqueid_2851 x Uganda,0
uniqueid_2852 x Uganda,0
uniqueid_2853 x Uganda,0
uniqueid_2854 x Uganda,0
uniqueid_2855 x Uganda,0
uniqueid_2856 x Uganda,0
uniqueid_2857 x Uganda,0
uniqueid_2858 x Uganda,0
uniqueid_2859 x Uganda,0
uniqueid_2860 x Uganda,0
uniqueid_2861 x Uganda,0
uniqueid_2862 x Uganda,0
uniqueid_2863 x Uganda,0
uniqueid_2864 x Uganda,0
uniqueid_2865 x Uganda,0
uniqueid_2866 x Uganda,0
uniqueid_2867 x Uganda,0
uniqueid_2868 x Uganda,0
uniqueid_2869 x Uganda,0
uniqueid_2870 x Uganda,0
uniqueid_2871 x Uganda,0
uniqueid_2872 x Uganda,0
uniqueid_2873 x Uganda,0
uniqueid_2874 x Uganda,0
uniqueid_2875 x Uganda,0
uniqueid_2876 x Uganda,0
uniqueid_2877 x Uganda,0
uniqueid_2878 x Uganda,0
uniqueid_2879 x Uganda,0
uniqueid_2880 x Uganda,0
uniqueid_2881 x Uganda,0
uniqueid_2882 x Uganda,0
uniqueid_2883 x Uganda,0
uniqueid_2884 x Uganda,0
uniqueid_2885 x Uganda,0
uniqueid_2886 x Uganda,0
uniqueid_2887 x Uganda,0
uniqueid_2888 x Uganda,0
uniqueid_2889 x Uganda,0
uniqueid_2890 x Uganda,0
uniqueid_2891 x Uganda,0
uniqueid_2892 x Uganda,0
uniqueid_2893 x Uganda,0
uniqueid_2894 x Uganda,1
uniqueid_2895 x Uganda,0
uniqueid_2896 x Uganda,0
uniqueid_2897 x Uganda,0
uniqueid_2898 x Uganda,0
uniqueid_2899 x Uganda,0
uniqueid_2900 x Uganda,0
uniqueid_2901 x Uganda,0
uniqueid_2902 x Uganda,0
uniqueid_2903 x Uganda,0
uniqueid_2904 x Uganda,0
uniqueid_2905 x Uganda,0
uniqueid_2906 x Uganda,0
uniqueid_2907 x Uganda,0
uniqueid_2908 x Uganda,0
uniqueid_2909 x Uganda,0
uniqueid_2910 x Uganda,0
uniqueid_2911 x Uganda,0
uniqueid_2912 x Uganda,0
uniqueid_2913 x Uganda,0
uniqueid_2914 x Uganda,0
uniqueid_2915 x Uganda,0
uniqueid_2916 x Uganda,0
uniqueid_2917 x Uganda,0
uniqueid_2918 x Uganda,0
uniqueid_2919 x Uganda,0
uniqueid_2920 x Uganda,0
uniqueid_2921 x Uganda,0
uniqueid_2922 x Uganda,0
uniqueid_2923 x Uganda,0
uniqueid_2924 x Uganda,0
uniqueid_2925 x Uganda,0
uniqueid_2926 x Uganda,0
uniqueid_2927 x Uganda,0
uniqueid_2928 x Uganda,0
uniqueid_2929 x Uganda,0
uniqueid_2930 x Uganda,0
uniqueid_2931 x Uganda,0
uniqueid_2932 x Uganda,0
uniqueid_2933 x Uganda,0
uniqueid_2934 x Uganda,0
uniqueid_2935 x Uganda,0
uniqueid_2936 x Uganda,0
uniqueid_2937 x Uganda,0
uniqueid_2938 x Uganda,0
uniqueid_2939 x Uganda,0
uniqueid_2940 x Uganda,0
uniqueid_2941 x Uganda,0
uniqueid_2942 x Uganda,0
uniqueid_2943 x Uganda,0
uniqueid_2944 x Uganda,0
uniqueid_2945 x Uganda,0
uniqueid_2946 x Uganda,0
uniqueid_2947 x Uganda,0
uniqueid_2948 x Uganda,0
uniqueid_2949 x Uganda,0
uniqueid_2950 x Uganda,0
uniqueid_2951 x Uganda,0
uniqueid_2952 x Uganda,0
uniqueid_2953 x Uganda,0
uniqueid_2954 x Uganda,0
uniqueid_2955 x Uganda,1
uniqueid_2956 x Uganda,0
uniqueid_2957 x Uganda,0
uniqueid_2958 x Uganda,0
uniqueid_2959 x Uganda,0
uniqueid_2960 x Uganda,0
uniqueid_2961 x Uganda,0
uniqueid_2962 x Uganda,0
uniqueid_2963 x Uganda,0
uniqueid_2964 x Uganda,0
uniqueid_2965 x Uganda,0
uniqueid_2966 x Uganda,0
uniqueid_2967 x Uganda,0
uniqueid_2968 x Uganda,0
uniqueid_2969 x Uganda,0
uniqueid_2970 x Uganda,0
uniqueid_2971 x Uganda,0
uniqueid_2972 x Uganda,0
uniqueid_2973 x Uganda,0
uniqueid_2974 x Uganda,0
uniqueid_2975 x Uganda,0
uniqueid_2976 x Uganda,0
uniqueid_2977 x Uganda,0
uniqueid_2978 x Uganda,0
uniqueid_2979 x Uganda,0
uniqueid_2980 x Uganda,0
uniqueid_2981 x Uganda,0
uniqueid_2982 x Uganda,0
uniqueid_2983 x Uganda,0
uniqueid_2984 x Uganda,0
uniqueid_2985 x Uganda,0
uniqueid_2986 x Uganda,0
uniqueid_2987 x Uganda,0
uniqueid_2988 x Uganda,1
uniqueid_2989 x Uganda,0
uniqueid_2990 x Uganda,0
uniqueid_2991 x Uganda,0
uniqueid_2992 x Uganda,0
uniqueid_2993 x Uganda,0
uniqueid_2994 x Uganda,0
uniqueid_2995 x Uganda,0
uniqueid_2996 x Uganda,0
uniqueid_2997 x Uganda,0
uniqueid_2998 x Uganda,0
uniqueid_2999 x Uganda,0
uniqueid_3000 x Uganda,0
uniqueid_3001 x Uganda,0
uniqueid_3002 x Uganda,0
